342,2
21,40
21,40
21,40
21,40
22,40
22,40
22,39
23,39
23,39
24,38
24,38
24,38
25,38
25,38
25,38
25,38
25,38
25,38
25,38
26,38
26,38
25,37
25,37
25,37
26,37
26,37
26,37
26,37
26,37
26,37
27,37
27,37
27,37
27,37
27,36
27,36
27,36
27,36
28,36
28,36
28,36
28,36
28,36
28,36
28,36
28,36
29,36
29,36
28,35
29,36
28,35
29,35
29,35
29,35
29,35
29,35
29,35
29,35
29,35
29,35
29,35
29,35
29,35
29,35
29,35
29,35
29,35
29,35
29,35
29,35
29,35
30,35
30,35
30,35
30,35
30,35
30,35
30,35
30,35
30,35
30,35
30,35
30,35
30,35
29,35
29,35
29,35
29,35
29,35
29,35
29,35
29,35
29,35
29,35
29,35
29,35
29,35
30,36
29,36
29,36
28,36
28,36
28,36
28,36
28,36
28,36
28,36
28,36
28,36
28,36
28,36
28,36
28,36
28,36
28,36
28,36
28,36
28,36
28,36
28,36
28,36
28,36
28,36
27,36
27,36
27,37
27,37
27,37
26,37
26,37
26,38
26,38
25,38
25,38
24,38
24,38
24,39
24,39
24,39
23,39
23,39
23,39
22,39
22,40
21,40
21,40
21,40
21,40
21,40
21,40
21,40
21,40
21,40
21,40
21,40
21,40
20,40
20,40
20,40
20,40
21,41
20,41
20,41
20,41
20,41
19,41
19,41
19,41
19,41
19,41
19,41
19,41
19,41
19,41
19,41
20,41
20,41
19,40
19,40
20,40
20,40
20,40
21,40
21,40
21,40
21,40
21,40
21,40
21,40
20,40
20,40
20,40
20,40
21,41
20,41
20,41
19,41
19,41
19,41
19,41
19,41
18,42
18,42
18,42
17,42
17,42
17,42
17,42
17,42
17,42
17,42
17,42
17,42
17,42
18,42
18,42
19,41
19,41
19,41
20,41
19,40
19,40
20,40
20,40
20,40
20,40
21,40
21,40
21,40
21,39
21,40
21,40
20,40
20,40
20,40
20,40
20,41
20,41
20,41
19,41
19,41
18,42
18,42
18,42
18,42
18,41
18,41
19,41
19,41
19,41
19,41
20,41
20,41
19,40
19,40
20,40
20,40
21,40
21,40
21,40
21,40
21,40
21,40
21,39
21,40
21,40
21,40
21,40
21,40
21,40
20,40
20,40
20,40
20,40
20,40
20,40
20,40
19,40
20,41
20,41
20,41
19,41
20,41
19,40
20,41
20,41
20,41
20,41
19,41
19,41
19,41
20,41
19,40
20,41
19,40
19,40
20,40
20,40
20,40
20,40
20,40
20,40
21,39
21,39
21,39
21,39
21,39
21,39
22,39
22,39
22,39
22,39
23,39
22,38
22,38
23,38
23,38
24,38
24,38
23,37
23,37
24,37
24,37
24,37
25,37
26,36
26,36
26,36
27,36
26,35
27,35
27,35
28,35
28,35
28,35
29,34
29,34
30,34
30,34
30,34
31,34
31,33
