488,2
59,20
58,21
57,21
57,21
57,21
57,21
57,21
57,21
56,21
56,21
58,22
57,22
57,22
57,22
57,22
57,22
57,22
57,22
57,22
57,22
56,22
57,22
57,22
56,22
57,22
56,22
56,22
56,22
56,22
56,23
56,23
55,23
55,23
55,23
55,23
55,23
55,23
54,23
54,23
54,23
54,23
54,23
53,23
53,23
53,24
53,24
53,24
53,24
53,24
52,24
52,24
52,24
52,24
52,24
52,24
51,24
51,24
51,24
51,24
51,24
51,24
50,24
51,24
50,24
51,25
50,25
50,25
50,25
50,25
50,25
50,25
50,25
50,25
50,25
50,25
50,25
50,25
49,25
50,25
49,25
49,25
49,25
49,25
49,25
49,25
49,25
50,26
49,25
49,25
49,25
49,25
49,25
50,26
49,25
50,26
48,25
49,26
49,26
49,26
49,26
49,26
49,26
49,26
49,26
49,26
49,26
49,26
49,26
49,26
48,26
48,26
48,26
48,26
48,26
48,26
48,26
48,27
48,27
48,27
48,27
47,27
47,27
47,27
47,27
47,27
47,27
47,27
47,27
47,27
47,27
46,27
46,27
46,27
46,27
46,27
46,27
47,28
47,28
47,28
46,28
46,28
46,28
46,28
45,27
46,28
46,28
46,28
46,28
46,28
46,28
46,28
46,28
45,28
45,28
45,28
45,28
45,28
45,28
45,28
45,28
45,28
45,28
45,28
45,28
45,28
46,29
46,29
45,28
45,28
45,28
45,29
44,28
45,29
45,29
45,29
45,29
45,29
45,29
45,29
45,29
45,29
45,29
45,29
45,29
45,29
45,29
45,29
45,29
45,29
45,29
45,29
44,29
44,29
44,29
44,29
44,30
44,30
44,30
43,30
43,30
43,30
43,30
43,30
43,30
43,30
42,30
42,30
41,30
41,30
42,31
42,31
41,31
40,31
40,31
40,31
40,31
40,31
39,31
39,31
39,31
38,31
38,31
38,31
38,31
38,31
38,31
38,31
38,31
38,31
38,31
38,31
38,31
38,31
38,31
38,31
38,31
38,31
38,31
38,31
38,31
38,31
38,31
38,32
38,31
38,31
38,31
38,31
37,31
37,32
37,32
37,32
37,32
37,32
37,32
37,32
37,32
37,32
37,32
37,32
37,32
36,32
36,32
36,32
36,32
36,32
36,32
36,32
36,32
36,32
37,33
36,33
35,32
36,33
35,32
36,33
35,33
35,33
35,33
35,33
35,33
34,33
34,33
34,34
33,34
34,34
34,34
34,34
33,34
33,34
33,34
33,34
33,34
32,34
32,34
32,34
32,34
32,34
32,34
32,34
32,34
32,34
32,34
32,34
32,35
32,34
32,34
32,34
32,34
32,34
32,35
32,34
32,34
32,34
32,34
32,34
32,35
32,34
32,35
31,35
32,35
31,35
32,35
32,35
31,35
31,35
31,35
31,35
30,35
31,35
31,35
31,35
30,35
30,35
30,35
30,35
30,35
30,35
30,35
30,35
30,36
30,36
30,36
30,36
30,36
30,36
30,36
30,36
30,36
29,36
29,36
29,36
29,36
29,36
29,36
29,36
29,36
28,36
28,36
28,36
28,36
28,37
28,37
28,37
28,37
28,37
28,37
27,37
27,37
27,37
27,37
27,37
27,37
27,37
26,37
26,37
26,37
26,37
27,38
26,37
27,38
27,38
27,38
26,38
26,38
26,38
26,38
26,38
26,38
26,38
26,38
26,38
25,38
25,38
25,38
25,38
25,38
25,38
25,38
25,38
25,38
24,38
24,38
24,38
25,39
25,39
25,39
25,39
25,39
25,39
25,39
25,39
25,39
25,39
25,39
25,39
24,39
24,39
24,39
24,39
24,39
24,39
24,39
24,39
24,39
24,39
24,39
24,39
24,39
24,39
23,38
23,38
23,38
23,38
23,38
23,38
23,38
23,38
23,38
24,38
24,38
24,38
24,38
24,38
24,38
24,38
24,38
24,38
24,37
24,37
24,37
24,37
24,37
24,37
25,37
25,37
25,37
25,37
25,37
25,37
25,37
26,37
26,37
26,36
26,36
26,36
26,36
26,36
26,36
27,36
27,36
27,36
27,36
27,36
27,36
27,36
27,36
27,36
27,36
27,36
27,36
27,36
28,36
28,36
28,36
28,36
28,36
27,36
27,36
