264,2
43,27
39,31
39,31
39,31
39,31
39,31
38,31
38,31
38,31
38,31
38,31
38,31
38,31
38,31
38,32
38,32
37,31
38,32
37,32
37,32
38,32
38,32
38,32
37,32
37,32
38,32
37,32
37,32
37,32
37,32
37,32
37,32
37,32
37,32
37,32
37,32
37,32
37,32
37,32
37,32
37,32
37,32
37,32
37,32
37,32
37,32
37,32
37,32
37,32
37,32
37,32
36,32
37,32
37,32
37,32
38,32
38,32
37,32
37,32
37,32
37,32
38,32
38,32
38,32
37,32
38,32
37,32
38,32
38,32
38,32
38,32
38,32
38,32
38,32
39,32
38,32
38,32
38,32
38,31
37,31
38,31
38,31
38,31
38,31
39,31
40,31
39,31
39,31
39,31
38,31
39,31
39,31
40,31
40,31
40,31
41,31
41,31
41,31
41,31
41,31
41,31
40,31
41,31
41,31
41,31
41,31
41,31
41,31
40,31
40,31
41,31
40,31
41,31
40,31
41,31
41,31
41,31
41,31
41,31
40,31
41,31
40,31
38,31
40,31
40,31
40,31
40,31
40,31
40,31
40,31
40,31
40,31
40,31
38,32
37,31
40,32
40,32
40,32
40,32
40,32
40,32
40,32
40,32
39,32
37,32
39,32
40,32
40,32
39,32
40,32
39,32
39,32
39,32
39,32
39,32
39,32
39,32
39,32
39,32
39,32
39,32
39,32
38,32
39,32
39,32
39,32
39,32
39,32
39,33
39,33
39,33
37,32
38,33
37,32
39,33
39,33
38,32
38,33
37,32
39,33
38,33
39,33
39,33
39,33
38,33
38,33
39,33
39,33
39,33
39,33
39,33
39,33
39,33
38,33
38,33
38,33
39,33
37,32
39,33
38,32
39,33
38,33
38,33
38,33
38,33
38,33
37,33
38,33
38,33
38,33
38,33
38,33
38,33
38,33
38,33
38,33
38,33
37,33
37,33
37,33
38,33
38,33
37,33
34,32
37,33
38,33
39,33
39,33
39,33
39,33
39,33
39,33
39,33
39,33
39,33
39,33
39,33
38,32
38,32
38,32
39,32
39,33
39,32
39,32
39,32
39,32
39,32
39,32
40,32
39,32
39,32
39,32
40,32
40,32
40,32
39,32
40,32
40,32
40,32
40,32
40,32
40,32
38,32
40,32
