555,2
32,35
32,35
32,35
33,35
33,35
33,35
33,35
33,35
34,35
34,35
34,35
34,35
34,35
34,35
34,35
34,35
26,34
34,32
34,32
34,32
34,32
35,32
35,33
36,33
36,33
36,33
36,33
36,33
36,33
36,33
36,33
36,34
36,34
36,34
36,34
36,34
36,34
36,34
36,34
36,34
36,34
36,34
36,34
36,34
36,34
36,34
36,35
36,35
36,35
36,35
36,35
36,35
37,36
37,36
37,37
37,37
37,37
36,37
20,35
26,30
30,29
32,26
37,25
39,24
41,23
41,24
41,24
41,23
41,24
41,23
41,23
41,23
42,23
42,23
43,23
43,23
43,23
43,23
44,23
44,24
44,24
43,24
41,24
41,24
41,24
41,24
40,24
41,24
40,24
40,24
40,24
40,24
40,24
40,24
40,24
40,24
39,25
39,25
39,25
39,25
39,25
38,25
38,25
38,25
38,25
38,25
39,26
38,26
38,26
38,26
37,26
36,26
36,26
36,26
36,26
36,26
35,26
35,26
35,26
35,26
34,26
34,26
35,26
34,26
34,26
34,26
34,26
34,26
34,27
33,26
33,26
34,27
34,26
33,26
34,26
34,26
34,26
34,27
34,27
34,27
34,27
33,27
33,27
33,27
33,27
33,27
33,27
33,27
33,27
33,27
33,27
33,27
33,27
32,27
32,27
33,26
33,27
33,26
33,27
33,27
33,26
33,26
33,27
34,27
34,27
34,27
34,27
34,27
34,27
33,27
34,27
34,26
34,27
34,26
33,26
34,26
34,26
33,26
34,26
34,26
34,26
33,25
33,25
33,25
34,25
34,25
34,25
34,25
34,25
34,25
35,25
34,25
34,25
35,25
35,25
35,25
34,25
34,25
35,26
36,26
35,26
34,26
34,26
34,26
34,26
34,26
33,26
33,26
33,26
33,26
33,26
33,26
33,26
33,26
33,26
33,26
33,26
33,26
33,27
33,27
33,27
33,27
33,27
33,27
33,27
33,27
33,27
33,27
33,27
33,26
33,26
34,26
35,26
35,26
35,25
36,26
35,26
34,26
34,26
33,26
33,26
35,26
34,26
34,26
34,26
34,26
33,26
33,26
33,26
33,26
33,26
35,25
37,24
39,24
39,24
41,23
41,23
43,22
44,22
42,23
42,22
42,22
42,22
42,22
42,22
42,22
42,22
42,22
42,22
42,22
42,22
43,22
43,22
43,22
43,22
43,22
43,22
43,22
43,22
43,22
43,22
43,22
43,22
43,22
43,22
43,22
43,22
43,23
43,22
42,22
42,22
42,22
42,22
42,22
43,22
43,23
42,23
43,22
43,22
43,22
43,22
43,22
43,22
43,22
41,23
41,23
41,23
40,23
41,23
41,23
41,23
41,23
41,23
41,23
40,23
40,23
40,23
40,23
41,23
42,23
42,23
42,23
42,23
42,23
42,23
42,23
42,23
42,23
40,23
42,23
42,23
43,22
47,22
45,21
45,22
45,22
45,22
45,22
44,22
44,22
43,22
43,22
42,22
42,22
42,22
43,22
43,22
43,22
43,22
42,21
43,21
43,21
43,21
44,21
44,21
44,21
44,21
44,21
44,21
44,21
45,22
44,22
44,22
44,22
43,22
43,22
43,22
43,22
43,22
42,22
43,22
43,22
43,21
43,21
44,21
44,21
44,21
44,21
44,21
44,21
44,21
44,21
45,21
45,21
45,21
45,21
45,21
45,21
44,21
44,21
45,22
45,22
45,22
44,22
44,22
43,22
44,22
43,22
43,22
43,22
43,22
43,22
43,22
43,22
43,22
43,22
43,22
43,22
43,22
43,22
43,22
43,23
42,23
41,23
41,23
41,23
41,23
41,23
40,24
40,23
39,23
39,23
39,23
39,23
40,23
40,23
40,23
41,23
41,23
41,23
41,23
41,23
41,23
41,23
41,23
40,23
40,23
40,23
40,23
40,23
40,23
40,23
41,23
41,23
41,23
42,23
42,23
41,23
40,23
40,23
40,23
40,23
40,23
41,23
41,23
41,22
43,22
43,22
42,23
43,22
43,22
42,22
42,22
42,22
42,23
42,23
41,23
41,23
41,23
40,23
41,22
42,22
45,21
45,21
45,21
45,21
45,21
45,22
45,22
45,22
43,22
43,22
43,22
43,23
42,23
41,23
41,23
41,23
39,24
40,24
40,24
40,24
39,24
38,24
38,24
39,23
39,23
39,23
37,24
37,24
38,24
37,24
35,25
35,25
35,25
35,24
35,24
36,24
36,24
37,24
36,24
39,23
39,24
38,24
37,24
37,24
36,24
36,24
36,24
35,25
34,25
34,25
35,25
35,25
34,25
35,25
34,25
34,25
34,25
34,25
34,25
35,25
38,24
39,24
39,24
39,24
39,24
34,27
33,27
32,29
31,30
31,30
30,30
29,31
27,32
26,32
26,33
26,33
26,33
25,33
24,34
24,34
24,34
23,35
22,35
