   0.0000000e+00   7.5547445e-01   3.2116788e-01   3.1386861e-01   8.0291971e-01   1.5328467e-01   5.2189781e-01   9.1605839e-01   6.0218978e-01   5.5474453e-01   7.2262774e-01   5.1459854e-01   4.0145985e-01   9.5620438e-01
   3.6496350e-03   5.1094891e-01   6.4598540e-01   6.3138686e-01   6.0583942e-01   3.1021898e-01   4.3795620e-02   8.3211679e-01   2.0437956e-01   1.0948905e-01   4.4525547e-01   2.9197080e-02   8.0656934e-01   9.1240876e-01
   7.2992701e-03   2.6642336e-01   9.7080292e-01   9.4890511e-01   4.0875912e-01   4.6715328e-01   5.6934307e-01   7.4817518e-01   8.1021898e-01   6.6788321e-01   1.6788321e-01   5.4744526e-01   2.0802920e-01   8.6861314e-01
   1.0948905e-02   2.1897810e-02   2.9197080e-01   2.6277372e-01   2.1167883e-01   6.2408759e-01   9.1240876e-02   6.6423358e-01   4.1240876e-01   2.2262774e-01   8.9416058e-01   6.2043796e-02   6.1313869e-01   8.2481752e-01
   1.4598540e-02   7.8102190e-01   6.1678832e-01   5.8029197e-01   1.4598540e-02   7.8102190e-01   6.1678832e-01   5.8029197e-01   1.4598540e-02   7.8102190e-01   6.1678832e-01   5.8029197e-01   1.4598540e-02   7.8102190e-01
   1.8248175e-02   5.3649635e-01   9.4160584e-01   8.9781022e-01   8.2116788e-01   9.3795620e-01   1.3868613e-01   4.9635036e-01   6.2043796e-01   3.3576642e-01   3.3941606e-01   9.4890511e-02   4.1970803e-01   7.3722628e-01
   2.1897810e-02   2.9197080e-01   2.6277372e-01   2.1167883e-01   6.2408759e-01   9.1240876e-02   6.6423358e-01   4.1240876e-01   2.2262774e-01   8.9416058e-01   6.2043796e-02   6.1313869e-01   8.2481752e-01   6.9343066e-01
   2.5547445e-02   4.7445255e-02   5.8759124e-01   5.2919708e-01   4.2700730e-01   2.4817518e-01   1.8613139e-01   3.2846715e-01   8.2846715e-01   4.4890511e-01   7.8832117e-01   1.2773723e-01   2.2627737e-01   6.4963504e-01
   2.9197080e-02   8.0656934e-01   9.1240876e-01   8.4671533e-01   2.2992701e-01   4.0510949e-01   7.1167883e-01   2.4452555e-01   4.3065693e-01   3.6496350e-03   5.1094891e-01   6.4598540e-01   6.3138686e-01   6.0583942e-01
   3.2846715e-02   5.6204380e-01   2.3357664e-01   1.6058394e-01   3.2846715e-02   5.6204380e-01   2.3357664e-01   1.6058394e-01   3.2846715e-02   5.6204380e-01   2.3357664e-01   1.6058394e-01   3.2846715e-02   5.6204380e-01
   3.6496350e-02   3.1751825e-01   5.5839416e-01   4.7810219e-01   8.3941606e-01   7.1897810e-01   7.5912409e-01   7.6642336e-02   6.3868613e-01   1.1678832e-01   9.5985401e-01   6.7883212e-01   4.3795620e-01   5.1824818e-01
   4.0145985e-02   7.2992701e-02   8.8321168e-01   7.9562044e-01   6.4233577e-01   8.7591241e-01   2.8102190e-01   9.9635036e-01   2.4087591e-01   6.7518248e-01   6.8248175e-01   1.9343066e-01   8.4306569e-01   4.7445255e-01
   4.3795620e-02   8.3211679e-01   2.0437956e-01   1.0948905e-01   4.4525547e-01   2.9197080e-02   8.0656934e-01   9.1240876e-01   8.4671533e-01   2.2992701e-01   4.0510949e-01   7.1167883e-01   2.4452555e-01   4.3065693e-01
   4.7445255e-02   5.8759124e-01   5.2919708e-01   4.2700730e-01   2.4817518e-01   1.8613139e-01   3.2846715e-01   8.2846715e-01   4.4890511e-01   7.8832117e-01   1.2773723e-01   2.2627737e-01   6.4963504e-01   3.8686131e-01
   5.1094891e-02   3.4306569e-01   8.5401460e-01   7.4452555e-01   5.1094891e-02   3.4306569e-01   8.5401460e-01   7.4452555e-01   5.1094891e-02   3.4306569e-01   8.5401460e-01   7.4452555e-01   5.1094891e-02   3.4306569e-01
   5.4744526e-02   9.8540146e-02   1.7518248e-01   5.8394161e-02   8.5766423e-01   5.0000000e-01   3.7591241e-01   6.6058394e-01   6.5693431e-01   9.0145985e-01   5.7664234e-01   2.5912409e-01   4.5620438e-01   2.9927007e-01
   5.8394161e-02   8.5766423e-01   5.0000000e-01   3.7591241e-01   6.6058394e-01   6.5693431e-01   9.0145985e-01   5.7664234e-01   2.5912409e-01   4.5620438e-01   2.9927007e-01   7.7737226e-01   8.6131387e-01   2.5547445e-01
   6.2043796e-02   6.1313869e-01   8.2481752e-01   6.9343066e-01   4.6350365e-01   8.1386861e-01   4.2335766e-01   4.9270073e-01   8.6496350e-01   1.0948905e-02   2.1897810e-02   2.9197080e-01   2.6277372e-01   2.1167883e-01
   6.5693431e-02   3.6861314e-01   1.4598540e-01   7.2992701e-03   2.6642336e-01   9.7080292e-01   9.4890511e-01   4.0875912e-01   4.6715328e-01   5.6934307e-01   7.4817518e-01   8.1021898e-01   6.6788321e-01   1.6788321e-01
   6.9343066e-02   1.2408759e-01   4.7080292e-01   3.2481752e-01   6.9343066e-02   1.2408759e-01   4.7080292e-01   3.2481752e-01   6.9343066e-02   1.2408759e-01   4.7080292e-01   3.2481752e-01   6.9343066e-02   1.2408759e-01
   7.2992701e-02   8.8321168e-01   7.9562044e-01   6.4233577e-01   8.7591241e-01   2.8102190e-01   9.9635036e-01   2.4087591e-01   6.7518248e-01   6.8248175e-01   1.9343066e-01   8.4306569e-01   4.7445255e-01   8.0291971e-02
   7.6642336e-02   6.3868613e-01   1.1678832e-01   9.5985401e-01   6.7883212e-01   4.3795620e-01   5.1824818e-01   1.5693431e-01   2.7737226e-01   2.3722628e-01   9.1970803e-01   3.5766423e-01   8.7956204e-01   3.6496350e-02
   8.0291971e-02   3.9416058e-01   4.4160584e-01   2.7372263e-01   4.8175182e-01   5.9489051e-01   4.0145985e-02   7.2992701e-02   8.8321168e-01   7.9562044e-01   6.4233577e-01   8.7591241e-01   2.8102190e-01   9.9635036e-01
   8.3941606e-02   1.4963504e-01   7.6642336e-01   5.9124088e-01   2.8467153e-01   7.5182482e-01   5.6569343e-01   9.9270073e-01   4.8540146e-01   3.5036496e-01   3.6496350e-01   3.9051095e-01   6.8613139e-01   9.5255474e-01
   8.7591241e-02   9.0875912e-01   8.7591241e-02   9.0875912e-01   8.7591241e-02   9.0875912e-01   8.7591241e-02   9.0875912e-01   8.7591241e-02   9.0875912e-01   8.7591241e-02   9.0875912e-01   8.7591241e-02   9.0875912e-01
   9.1240876e-02   6.6423358e-01   4.1240876e-01   2.2262774e-01   8.9416058e-01   6.2043796e-02   6.1313869e-01   8.2481752e-01   6.9343066e-01   4.6350365e-01   8.1386861e-01   4.2335766e-01   4.9270073e-01   8.6496350e-01
   9.4890511e-02   4.1970803e-01   7.3722628e-01   5.4014599e-01   6.9708029e-01   2.1897810e-01   1.3503650e-01   7.4087591e-01   2.9562044e-01   1.8248175e-02   5.3649635e-01   9.4160584e-01   8.9781022e-01   8.2116788e-01
   9.8540146e-02   1.7518248e-01   5.8394161e-02   8.5766423e-01   5.0000000e-01   3.7591241e-01   6.6058394e-01   6.5693431e-01   9.0145985e-01   5.7664234e-01   2.5912409e-01   4.5620438e-01   2.9927007e-01   7.7737226e-01
   1.0218978e-01   9.3430657e-01   3.8321168e-01   1.7153285e-01   3.0291971e-01   5.3284672e-01   1.8248175e-01   5.7299270e-01   5.0364964e-01   1.3138686e-01   9.8540146e-01   9.7445255e-01   7.0437956e-01   7.3357664e-01
   1.0583942e-01   6.8978102e-01   7.0802920e-01   4.8905109e-01   1.0583942e-01   6.8978102e-01   7.0802920e-01   4.8905109e-01   1.0583942e-01   6.8978102e-01   7.0802920e-01   4.8905109e-01   1.0583942e-01   6.8978102e-01
   1.0948905e-01   4.4525547e-01   2.9197080e-02   8.0656934e-01   9.1240876e-01   8.4671533e-01   2.2992701e-01   4.0510949e-01   7.1167883e-01   2.4452555e-01   4.3065693e-01   3.6496350e-03   5.1094891e-01   5.4014599e-01
   1.1313869e-01   2.0072993e-01   3.5401460e-01   1.2043796e-01   7.1532847e-01   0.0000000e+00   7.5547445e-01   3.2116788e-01   3.1386861e-01   8.0291971e-01   1.5328467e-01   5.2189781e-01   9.1605839e-01   6.0218978e-01
   1.1678832e-01   9.5985401e-01   6.7883212e-01   4.3795620e-01   5.1824818e-01   1.5693431e-01   2.7737226e-01   2.3722628e-01   9.1970803e-01   3.5766423e-01   8.7956204e-01   3.6496350e-02   3.1751825e-01   6.6423358e-01
   1.2043796e-01   7.1532847e-01   0.0000000e+00   7.5547445e-01   3.2116788e-01   3.1386861e-01   8.0291971e-01   1.5328467e-01   5.2189781e-01   9.1605839e-01   6.0218978e-01   5.5474453e-01   7.2262774e-01   5.1459854e-01
   1.2408759e-01   4.7080292e-01   3.2481752e-01   6.9343066e-02   1.2408759e-01   4.7080292e-01   3.2481752e-01   6.9343066e-02   1.2408759e-01   4.7080292e-01   3.2481752e-01   6.9343066e-02   1.2408759e-01   3.6496350e-01
   1.2773723e-01   2.2627737e-01   6.4963504e-01   3.8686131e-01   9.3065693e-01   6.2773723e-01   8.5036496e-01   9.8905109e-01   7.2992701e-01   2.5547445e-02   4.7445255e-02   5.8759124e-01   5.2919708e-01   4.2700730e-01
   1.3138686e-01   9.8540146e-01   9.7445255e-01   7.0437956e-01   7.3357664e-01   7.8467153e-01   3.7226277e-01   9.0510949e-01   3.3211679e-01   5.8394161e-01   7.7372263e-01   1.0218978e-01   9.3430657e-01   4.8905109e-01
   1.3503650e-01   7.4087591e-01   2.9562044e-01   1.8248175e-02   5.3649635e-01   9.4160584e-01   8.9781022e-01   8.2116788e-01   9.3795620e-01   1.3868613e-01   4.9635036e-01   6.2043796e-01   3.3576642e-01   3.3941606e-01
   1.3868613e-01   4.9635036e-01   6.2043796e-01   3.3576642e-01   3.3941606e-01   9.4890511e-02   4.1970803e-01   7.3722628e-01   5.4014599e-01   6.9708029e-01   2.1897810e-01   1.3503650e-01   7.4087591e-01   1.8978102e-01
   1.4233577e-01   2.5182482e-01   9.4525547e-01   6.5328467e-01   1.4233577e-01   2.5182482e-01   9.4525547e-01   6.5328467e-01   1.4233577e-01   2.5182482e-01   9.4525547e-01   6.5328467e-01   1.4233577e-01   2.5182482e-01
   1.4598540e-01   7.2992701e-03   2.6642336e-01   9.7080292e-01   9.4890511e-01   4.0875912e-01   4.6715328e-01   5.6934307e-01   7.4817518e-01   8.1021898e-01   6.6788321e-01   1.6788321e-01   5.4744526e-01   3.1386861e-01
   1.4963504e-01   7.6642336e-01   5.9124088e-01   2.8467153e-01   7.5182482e-01   5.6569343e-01   9.9270073e-01   4.8540146e-01   3.5036496e-01   3.6496350e-01   3.9051095e-01   6.8613139e-01   9.5255474e-01   1.6423358e-01
   1.5328467e-01   5.2189781e-01   9.1605839e-01   6.0218978e-01   5.5474453e-01   7.2262774e-01   5.1459854e-01   4.0145985e-01   9.5620438e-01   9.2335766e-01   1.1313869e-01   2.0072993e-01   3.5401460e-01   1.4598540e-02
   1.5693431e-01   2.7737226e-01   2.3722628e-01   9.1970803e-01   3.5766423e-01   8.7956204e-01   3.6496350e-02   3.1751825e-01   5.5839416e-01   4.7810219e-01   8.3941606e-01   7.1897810e-01   7.5912409e-01   7.6642336e-02
   1.6058394e-01   3.2846715e-02   5.6204380e-01   2.3357664e-01   1.6058394e-01   3.2846715e-02   5.6204380e-01   2.3357664e-01   1.6058394e-01   3.2846715e-02   5.6204380e-01   2.3357664e-01   1.6058394e-01   1.3868613e-01
   1.6423358e-01   7.9197080e-01   8.8686131e-01   5.5109489e-01   9.6715328e-01   1.8978102e-01   8.3941606e-02   1.4963504e-01   7.6642336e-01   5.9124088e-01   2.8467153e-01   7.5182482e-01   5.6569343e-01   9.9270073e-01
   1.6788321e-01   5.4744526e-01   2.0802920e-01   8.6861314e-01   7.7007299e-01   3.4671533e-01   6.0948905e-01   6.5693431e-02   3.6861314e-01   1.4598540e-01   7.2992701e-03   2.6642336e-01   9.7080292e-01   8.4306569e-01
   1.7153285e-01   3.0291971e-01   5.3284672e-01   1.8248175e-01   5.7299270e-01   5.0364964e-01   1.3138686e-01   9.8540146e-01   9.7445255e-01   7.0437956e-01   7.3357664e-01   7.8467153e-01   3.7226277e-01   9.0510949e-01
   1.7518248e-01   5.8394161e-02   8.5766423e-01   5.0000000e-01   3.7591241e-01   6.6058394e-01   6.5693431e-01   9.0145985e-01   5.7664234e-01   2.5912409e-01   4.5620438e-01   2.9927007e-01   7.7737226e-01   9.6715328e-01
   1.7883212e-01   8.1751825e-01   1.7883212e-01   8.1751825e-01   1.7883212e-01   8.1751825e-01   1.7883212e-01   8.1751825e-01   1.7883212e-01   8.1751825e-01   1.7883212e-01   8.1751825e-01   1.7883212e-01   8.1751825e-01
   1.8248175e-01   5.7299270e-01   5.0364964e-01   1.3138686e-01   9.8540146e-01   9.7445255e-01   7.0437956e-01   7.3357664e-01   7.8467153e-01   3.7226277e-01   9.0510949e-01   3.3211679e-01   5.8394161e-01   6.6788321e-01
   1.8613139e-01   3.2846715e-01   8.2846715e-01   4.4890511e-01   7.8832117e-01   1.2773723e-01   2.2627737e-01   6.4963504e-01   3.8686131e-01   9.3065693e-01   6.2773723e-01   8.5036496e-01   9.8905109e-01   7.2992701e-01
   1.8978102e-01   8.3941606e-02   1.4963504e-01   7.6642336e-01   5.9124088e-01   2.8467153e-01   7.5182482e-01   5.6569343e-01   9.9270073e-01   4.8540146e-01   3.5036496e-01   3.6496350e-01   3.9051095e-01   7.9197080e-01
   1.9343066e-01   8.4306569e-01   4.7445255e-01   8.0291971e-02   3.9416058e-01   4.4160584e-01   2.7372263e-01   4.8175182e-01   5.9489051e-01   4.0145985e-02   7.2992701e-02   8.8321168e-01   7.9562044e-01   6.4233577e-01
   1.9708029e-01   5.9854015e-01   7.9927007e-01   3.9781022e-01   1.9708029e-01   5.9854015e-01   7.9927007e-01   3.9781022e-01   1.9708029e-01   5.9854015e-01   7.9927007e-01   3.9781022e-01   1.9708029e-01   4.9270073e-01
   2.0072993e-01   3.5401460e-01   1.2043796e-01   7.1532847e-01   0.0000000e+00   7.5547445e-01   3.2116788e-01   3.1386861e-01   8.0291971e-01   1.5328467e-01   5.2189781e-01   9.1605839e-01   6.0218978e-01   5.5474453e-01
   2.0437956e-01   1.0948905e-01   4.4525547e-01   2.9197080e-02   8.0656934e-01   9.1240876e-01   8.4671533e-01   2.2992701e-01   4.0510949e-01   7.1167883e-01   2.4452555e-01   4.3065693e-01   3.6496350e-03   6.1678832e-01
   2.0802920e-01   8.6861314e-01   7.7007299e-01   3.4671533e-01   6.0948905e-01   6.5693431e-02   3.6861314e-01   1.4598540e-01   7.2992701e-03   2.6642336e-01   9.7080292e-01   9.4890511e-01   4.0875912e-01   4.6715328e-01
   2.1167883e-01   6.2408759e-01   9.1240876e-02   6.6423358e-01   4.1240876e-01   2.2262774e-01   8.9416058e-01   6.2043796e-02   6.1313869e-01   8.2481752e-01   6.9343066e-01   4.6350365e-01   8.1386861e-01   3.1751825e-01
   2.1532847e-01   3.7956204e-01   4.1605839e-01   9.8175182e-01   2.1532847e-01   3.7956204e-01   4.1605839e-01   9.8175182e-01   2.1532847e-01   3.7956204e-01   4.1605839e-01   9.8175182e-01   2.1532847e-01   3.7956204e-01
   2.1897810e-01   1.3503650e-01   7.4087591e-01   2.9562044e-01   1.8248175e-02   5.3649635e-01   9.4160584e-01   8.9781022e-01   8.2116788e-01   9.3795620e-01   1.3868613e-01   4.9635036e-01   6.2043796e-01   4.4160584e-01
   2.2262774e-01   8.9416058e-01   6.2043796e-02   6.1313869e-01   8.2481752e-01   6.9343066e-01   4.6350365e-01   8.1386861e-01   4.2335766e-01   4.9270073e-01   8.6496350e-01   1.0948905e-02   2.1897810e-02   8.0291971e-02
   2.2627737e-01   6.4963504e-01   3.8686131e-01   9.3065693e-01   6.2773723e-01   8.5036496e-01   9.8905109e-01   7.2992701e-01   2.5547445e-02   4.7445255e-02   5.8759124e-01   5.2919708e-01   4.2700730e-01   1.4233577e-01
   2.2992701e-01   4.0510949e-01   7.1167883e-01   2.4452555e-01   4.3065693e-01   3.6496350e-03   5.1094891e-01   6.4598540e-01   6.3138686e-01   6.0583942e-01   3.1021898e-01   4.3795620e-02   8.3211679e-01   2.0437956e-01
   2.3357664e-01   1.6058394e-01   3.2846715e-02   5.6204380e-01   2.3357664e-01   1.6058394e-01   3.2846715e-02   5.6204380e-01   2.3357664e-01   1.6058394e-01   3.2846715e-02   5.6204380e-01   2.3357664e-01   2.6642336e-01
   2.3722628e-01   9.1970803e-01   3.5766423e-01   8.7956204e-01   3.6496350e-02   3.1751825e-01   5.5839416e-01   4.7810219e-01   8.3941606e-01   7.1897810e-01   7.5912409e-01   7.6642336e-02   6.3868613e-01   3.2846715e-01
   2.4087591e-01   6.7518248e-01   6.8248175e-01   1.9343066e-01   8.4306569e-01   4.7445255e-01   8.0291971e-02   3.9416058e-01   4.4160584e-01   2.7372263e-01   4.8175182e-01   5.9489051e-01   4.0145985e-02   9.7080292e-01
   2.4452555e-01   4.3065693e-01   3.6496350e-03   5.1094891e-01   6.4598540e-01   6.3138686e-01   6.0583942e-01   3.1021898e-01   4.3795620e-02   8.3211679e-01   2.0437956e-01   1.0948905e-01   4.4525547e-01   2.9197080e-02
   2.4817518e-01   1.8613139e-01   3.2846715e-01   8.2846715e-01   4.4890511e-01   7.8832117e-01   1.2773723e-01   2.2627737e-01   6.4963504e-01   3.8686131e-01   9.3065693e-01   6.2773723e-01   8.5036496e-01   9.1240876e-02
   2.5182482e-01   9.4525547e-01   6.5328467e-01   1.4233577e-01   2.5182482e-01   9.4525547e-01   6.5328467e-01   1.4233577e-01   2.5182482e-01   9.4525547e-01   6.5328467e-01   1.4233577e-01   2.5182482e-01   7.3357664e-01
   2.5547445e-01   7.0072993e-01   9.7810219e-01   4.5985401e-01   5.4744526e-02   9.8540146e-02   1.7518248e-01   5.8394161e-02   8.5766423e-01   5.0000000e-01   3.7591241e-01   6.6058394e-01   6.5693431e-01   7.9562044e-01
   2.5912409e-01   4.5620438e-01   2.9927007e-01   7.7737226e-01   8.6131387e-01   2.5547445e-01   7.0072993e-01   9.7810219e-01   4.5985401e-01   5.4744526e-02   9.8540146e-02   1.7518248e-01   5.8394161e-02   8.5766423e-01
   2.6277372e-01   2.1167883e-01   6.2408759e-01   9.1240876e-02   6.6423358e-01   4.1240876e-01   2.2262774e-01   8.9416058e-01   6.2043796e-02   6.1313869e-01   8.2481752e-01   6.9343066e-01   4.6350365e-01   9.1970803e-01
   2.6642336e-01   9.7080292e-01   9.4890511e-01   4.0875912e-01   4.6715328e-01   5.6934307e-01   7.4817518e-01   8.1021898e-01   6.6788321e-01   1.6788321e-01   5.4744526e-01   2.0802920e-01   8.6861314e-01   9.8175182e-01
   2.7007299e-01   7.2627737e-01   2.7007299e-01   7.2627737e-01   2.7007299e-01   7.2627737e-01   2.7007299e-01   7.2627737e-01   2.7007299e-01   7.2627737e-01   2.7007299e-01   7.2627737e-01   2.7007299e-01   6.2043796e-01
   2.7372263e-01   4.8175182e-01   5.9489051e-01   4.0145985e-02   7.2992701e-02   8.8321168e-01   7.9562044e-01   6.4233577e-01   8.7591241e-01   2.8102190e-01   9.9635036e-01   2.4087591e-01   6.7518248e-01   6.8248175e-01
   2.7737226e-01   2.3722628e-01   9.1970803e-01   3.5766423e-01   8.7956204e-01   3.6496350e-02   3.1751825e-01   5.5839416e-01   4.7810219e-01   8.3941606e-01   7.1897810e-01   7.5912409e-01   7.6642336e-02   7.4452555e-01
   2.8102190e-01   9.9635036e-01   2.4087591e-01   6.7518248e-01   6.8248175e-01   1.9343066e-01   8.4306569e-01   4.7445255e-01   8.0291971e-02   3.9416058e-01   4.4160584e-01   2.7372263e-01   4.8175182e-01   3.8321168e-01
   2.8467153e-01   7.5182482e-01   5.6569343e-01   9.9270073e-01   4.8540146e-01   3.5036496e-01   3.6496350e-01   3.9051095e-01   6.8613139e-01   9.5255474e-01   1.6423358e-01   7.9197080e-01   8.8686131e-01   4.4525547e-01
   2.8832117e-01   5.0729927e-01   8.9051095e-01   3.0656934e-01   2.8832117e-01   5.0729927e-01   8.9051095e-01   3.0656934e-01   2.8832117e-01   5.0729927e-01   8.9051095e-01   3.0656934e-01   2.8832117e-01   5.0729927e-01
   2.9197080e-01   2.6277372e-01   2.1167883e-01   6.2408759e-01   9.1240876e-02   6.6423358e-01   4.1240876e-01   2.2262774e-01   8.9416058e-01   6.2043796e-02   6.1313869e-01   8.2481752e-01   6.9343066e-01   5.6934307e-01
   2.9562044e-01   1.8248175e-02   5.3649635e-01   9.4160584e-01   8.9781022e-01   8.2116788e-01   9.3795620e-01   1.3868613e-01   4.9635036e-01   6.2043796e-01   3.3576642e-01   3.3941606e-01   9.4890511e-02   6.3138686e-01
   2.9927007e-01   7.7737226e-01   8.6131387e-01   2.5547445e-01   7.0072993e-01   9.7810219e-01   4.5985401e-01   5.4744526e-02   9.8540146e-02   1.7518248e-01   5.8394161e-02   8.5766423e-01   5.0000000e-01   2.7007299e-01
   3.0291971e-01   5.3284672e-01   1.8248175e-01   5.7299270e-01   5.0364964e-01   1.3138686e-01   9.8540146e-01   9.7445255e-01   7.0437956e-01   7.3357664e-01   7.8467153e-01   3.7226277e-01   9.0510949e-01   3.3211679e-01
   3.0656934e-01   2.8832117e-01   5.0729927e-01   8.9051095e-01   3.0656934e-01   2.8832117e-01   5.0729927e-01   8.9051095e-01   3.0656934e-01   2.8832117e-01   5.0729927e-01   8.9051095e-01   3.0656934e-01   3.9416058e-01
   3.1021898e-01   4.3795620e-02   8.3211679e-01   2.0437956e-01   1.0948905e-01   4.4525547e-01   2.9197080e-02   8.0656934e-01   9.1240876e-01   8.4671533e-01   2.2992701e-01   4.0510949e-01   7.1167883e-01   3.2846715e-02
   3.1386861e-01   8.0291971e-01   1.5328467e-01   5.2189781e-01   9.1605839e-01   6.0218978e-01   5.5474453e-01   7.2262774e-01   5.1459854e-01   4.0145985e-01   9.5620438e-01   9.2335766e-01   1.1313869e-01   9.4890511e-02
   3.1751825e-01   5.5839416e-01   4.7810219e-01   8.3941606e-01   7.1897810e-01   7.5912409e-01   7.6642336e-02   6.3868613e-01   1.1678832e-01   9.5985401e-01   6.7883212e-01   4.3795620e-01   5.1824818e-01   1.5693431e-01
   3.2116788e-01   3.1386861e-01   8.0291971e-01   1.5328467e-01   5.2189781e-01   9.1605839e-01   6.0218978e-01   5.5474453e-01   7.2262774e-01   5.1459854e-01   4.0145985e-01   9.5620438e-01   9.2335766e-01   2.1897810e-01
   3.2481752e-01   6.9343066e-02   1.2408759e-01   4.7080292e-01   3.2481752e-01   6.9343066e-02   1.2408759e-01   4.7080292e-01   3.2481752e-01   6.9343066e-02   1.2408759e-01   4.7080292e-01   3.2481752e-01   2.8102190e-01
   3.2846715e-01   8.2846715e-01   4.4890511e-01   7.8832117e-01   1.2773723e-01   2.2627737e-01   6.4963504e-01   3.8686131e-01   9.3065693e-01   6.2773723e-01   8.5036496e-01   9.8905109e-01   7.2992701e-01   9.2335766e-01
   3.3211679e-01   5.8394161e-01   7.7372263e-01   1.0218978e-01   9.3430657e-01   3.8321168e-01   1.7153285e-01   3.0291971e-01   5.3284672e-01   1.8248175e-01   5.7299270e-01   5.0364964e-01   1.3138686e-01   9.8540146e-01
   3.3576642e-01   3.3941606e-01   9.4890511e-02   4.1970803e-01   7.3722628e-01   5.4014599e-01   6.9708029e-01   2.1897810e-01   1.3503650e-01   7.4087591e-01   2.9562044e-01   1.8248175e-02   5.3649635e-01   4.3795620e-02
   3.3941606e-01   9.4890511e-02   4.1970803e-01   7.3722628e-01   5.4014599e-01   6.9708029e-01   2.1897810e-01   1.3503650e-01   7.4087591e-01   2.9562044e-01   1.8248175e-02   5.3649635e-01   9.4160584e-01   6.8613139e-01
   3.4306569e-01   8.5401460e-01   7.4452555e-01   5.1094891e-02   3.4306569e-01   8.5401460e-01   7.4452555e-01   5.1094891e-02   3.4306569e-01   8.5401460e-01   7.4452555e-01   5.1094891e-02   3.4306569e-01   7.4817518e-01
   3.4671533e-01   6.0948905e-01   6.5693431e-02   3.6861314e-01   1.4598540e-01   7.2992701e-03   2.6642336e-01   9.7080292e-01   9.4890511e-01   4.0875912e-01   4.6715328e-01   5.6934307e-01   7.4817518e-01   8.1021898e-01
   3.5036496e-01   3.6496350e-01   3.9051095e-01   6.8613139e-01   9.5255474e-01   1.6423358e-01   7.9197080e-01   8.8686131e-01   5.5109489e-01   9.6715328e-01   1.8978102e-01   8.3941606e-02   1.4963504e-01   8.7226277e-01
   3.5401460e-01   1.2043796e-01   7.1532847e-01   0.0000000e+00   7.5547445e-01   3.2116788e-01   3.1386861e-01   8.0291971e-01   1.5328467e-01   5.2189781e-01   9.1605839e-01   6.0218978e-01   5.5474453e-01   9.3430657e-01
   3.5766423e-01   8.7956204e-01   3.6496350e-02   3.1751825e-01   5.5839416e-01   4.7810219e-01   8.3941606e-01   7.1897810e-01   7.5912409e-01   7.6642336e-02   6.3868613e-01   1.1678832e-01   9.5985401e-01   5.7299270e-01
   3.6131387e-01   6.3503650e-01   3.6131387e-01   6.3503650e-01   3.6131387e-01   6.3503650e-01   3.6131387e-01   6.3503650e-01   3.6131387e-01   6.3503650e-01   3.6131387e-01   6.3503650e-01   3.6131387e-01   6.3503650e-01
   3.6496350e-01   3.9051095e-01   6.8613139e-01   9.5255474e-01   1.6423358e-01   7.9197080e-01   8.8686131e-01   5.5109489e-01   9.6715328e-01   1.8978102e-01   8.3941606e-02   1.4963504e-01   7.6642336e-01   6.9708029e-01
   3.6861314e-01   1.4598540e-01   7.2992701e-03   2.6642336e-01   9.7080292e-01   9.4890511e-01   4.0875912e-01   4.6715328e-01   5.6934307e-01   7.4817518e-01   8.1021898e-01   6.6788321e-01   1.6788321e-01   3.3576642e-01
   3.7226277e-01   9.0510949e-01   3.3211679e-01   5.8394161e-01   7.7372263e-01   1.0218978e-01   9.3430657e-01   3.8321168e-01   1.7153285e-01   3.0291971e-01   5.3284672e-01   1.8248175e-01   5.7299270e-01   3.9781022e-01
   3.7591241e-01   6.6058394e-01   6.5693431e-01   9.0145985e-01   5.7664234e-01   2.5912409e-01   4.5620438e-01   2.9927007e-01   7.7737226e-01   8.6131387e-01   2.5547445e-01   7.0072993e-01   9.7810219e-01   4.5985401e-01
   3.7956204e-01   4.1605839e-01   9.8175182e-01   2.1532847e-01   3.7956204e-01   4.1605839e-01   9.8175182e-01   2.1532847e-01   3.7956204e-01   4.1605839e-01   9.8175182e-01   2.1532847e-01   3.7956204e-01   5.2189781e-01
   3.8321168e-01   1.7153285e-01   3.0291971e-01   5.3284672e-01   1.8248175e-01   5.7299270e-01   5.0364964e-01   1.3138686e-01   9.8540146e-01   9.7445255e-01   7.0437956e-01   7.3357664e-01   7.8467153e-01   5.8394161e-01
   3.8686131e-01   9.3065693e-01   6.2773723e-01   8.5036496e-01   9.8905109e-01   7.2992701e-01   2.5547445e-02   4.7445255e-02   5.8759124e-01   5.2919708e-01   4.2700730e-01   2.4817518e-01   1.8613139e-01   2.2262774e-01
   3.9051095e-01   6.8613139e-01   9.5255474e-01   1.6423358e-01   7.9197080e-01   8.8686131e-01   5.5109489e-01   9.6715328e-01   1.8978102e-01   8.3941606e-02   1.4963504e-01   7.6642336e-01   5.9124088e-01   2.8467153e-01
   3.9416058e-01   4.4160584e-01   2.7372263e-01   4.8175182e-01   5.9489051e-01   4.0145985e-02   7.2992701e-02   8.8321168e-01   7.9562044e-01   6.4233577e-01   8.7591241e-01   2.8102190e-01   9.9635036e-01   3.4671533e-01
   3.9781022e-01   1.9708029e-01   5.9854015e-01   7.9927007e-01   3.9781022e-01   1.9708029e-01   5.9854015e-01   7.9927007e-01   3.9781022e-01   1.9708029e-01   5.9854015e-01   7.9927007e-01   3.9781022e-01   9.8905109e-01
   4.0145985e-01   9.5620438e-01   9.2335766e-01   1.1313869e-01   2.0072993e-01   3.5401460e-01   1.2043796e-01   7.1532847e-01   0.0000000e+00   7.5547445e-01   3.2116788e-01   3.1386861e-01   8.0291971e-01   4.7445255e-02
   4.0510949e-01   7.1167883e-01   2.4452555e-01   4.3065693e-01   3.6496350e-03   5.1094891e-01   6.4598540e-01   6.3138686e-01   6.0583942e-01   3.1021898e-01   4.3795620e-02   8.3211679e-01   2.0437956e-01   1.0948905e-01
   4.0875912e-01   4.6715328e-01   5.6934307e-01   7.4817518e-01   8.1021898e-01   6.6788321e-01   1.6788321e-01   5.4744526e-01   2.0802920e-01   8.6861314e-01   7.7007299e-01   3.4671533e-01   6.0948905e-01   1.7153285e-01
   4.1240876e-01   2.2262774e-01   8.9416058e-01   6.2043796e-02   6.1313869e-01   8.2481752e-01   6.9343066e-01   4.6350365e-01   8.1386861e-01   4.2335766e-01   4.9270073e-01   8.6496350e-01   1.0948905e-02   2.3357664e-01
   4.1605839e-01   9.8175182e-01   2.1532847e-01   3.7956204e-01   4.1605839e-01   9.8175182e-01   2.1532847e-01   3.7956204e-01   4.1605839e-01   9.8175182e-01   2.1532847e-01   3.7956204e-01   4.1605839e-01   8.7591241e-01
   4.1970803e-01   7.3722628e-01   5.4014599e-01   6.9708029e-01   2.1897810e-01   1.3503650e-01   7.4087591e-01   2.9562044e-01   1.8248175e-02   5.3649635e-01   9.4160584e-01   8.9781022e-01   8.2116788e-01   9.3795620e-01
   4.2335766e-01   4.9270073e-01   8.6496350e-01   1.0948905e-02   2.1897810e-02   2.9197080e-01   2.6277372e-01   2.1167883e-01   6.2408759e-01   9.1240876e-02   6.6423358e-01   4.1240876e-01   2.2262774e-01   1.0000000e+00
   4.2700730e-01   2.4817518e-01   1.8613139e-01   3.2846715e-01   8.2846715e-01   4.4890511e-01   7.8832117e-01   1.2773723e-01   2.2627737e-01   6.4963504e-01   3.8686131e-01   9.3065693e-01   6.2773723e-01   6.3868613e-01
   4.3065693e-01   3.6496350e-03   5.1094891e-01   6.4598540e-01   6.3138686e-01   6.0583942e-01   3.1021898e-01   4.3795620e-02   8.3211679e-01   2.0437956e-01   1.0948905e-01   4.4525547e-01   2.9197080e-02   1.2043796e-01
   4.3430657e-01   7.6277372e-01   8.3576642e-01   9.6350365e-01   4.3430657e-01   7.6277372e-01   8.3576642e-01   9.6350365e-01   4.3430657e-01   7.6277372e-01   8.3576642e-01   9.6350365e-01   4.3430657e-01   7.6277372e-01
   4.3795620e-01   5.1824818e-01   1.5693431e-01   2.7737226e-01   2.3722628e-01   9.1970803e-01   3.5766423e-01   8.7956204e-01   3.6496350e-02   3.1751825e-01   5.5839416e-01   4.7810219e-01   8.3941606e-01   4.0145985e-01
   4.4160584e-01   2.7372263e-01   4.8175182e-01   5.9489051e-01   4.0145985e-02   7.2992701e-02   8.8321168e-01   7.9562044e-01   6.4233577e-01   8.7591241e-01   2.8102190e-01   9.9635036e-01   2.4087591e-01   8.8686131e-01
   4.4525547e-01   2.9197080e-02   8.0656934e-01   9.1240876e-01   8.4671533e-01   2.2992701e-01   4.0510949e-01   7.1167883e-01   2.4452555e-01   4.3065693e-01   3.6496350e-03   5.1094891e-01   6.4598540e-01   5.2554745e-01
   4.4890511e-01   7.8832117e-01   1.2773723e-01   2.2627737e-01   6.4963504e-01   3.8686131e-01   9.3065693e-01   6.2773723e-01   8.5036496e-01   9.8905109e-01   7.2992701e-01   2.5547445e-02   4.7445255e-02   1.6423358e-01
   4.5255474e-01   5.4379562e-01   4.5255474e-01   5.4379562e-01   4.5255474e-01   5.4379562e-01   4.5255474e-01   5.4379562e-01   4.5255474e-01   5.4379562e-01   4.5255474e-01   5.4379562e-01   4.5255474e-01   6.4963504e-01
   4.5620438e-01   2.9927007e-01   7.7737226e-01   8.6131387e-01   2.5547445e-01   7.0072993e-01   9.7810219e-01   4.5985401e-01   5.4744526e-02   9.8540146e-02   1.7518248e-01   5.8394161e-02   8.5766423e-01   2.8832117e-01
   4.5985401e-01   5.4744526e-02   9.8540146e-02   1.7518248e-01   5.8394161e-02   8.5766423e-01   5.0000000e-01   3.7591241e-01   6.6058394e-01   6.5693431e-01   9.0145985e-01   5.7664234e-01   2.5912409e-01   7.7372263e-01
   4.6350365e-01   8.1386861e-01   4.2335766e-01   4.9270073e-01   8.6496350e-01   1.0948905e-02   2.1897810e-02   2.9197080e-01   2.6277372e-01   2.1167883e-01   6.2408759e-01   9.1240876e-02   6.6423358e-01   4.1240876e-01
   4.6715328e-01   5.6934307e-01   7.4817518e-01   8.1021898e-01   6.6788321e-01   1.6788321e-01   5.4744526e-01   2.0802920e-01   8.6861314e-01   7.7007299e-01   3.4671533e-01   6.0948905e-01   6.5693431e-02   5.1094891e-02
   4.7080292e-01   3.2481752e-01   6.9343066e-02   1.2408759e-01   4.7080292e-01   3.2481752e-01   6.9343066e-02   1.2408759e-01   4.7080292e-01   3.2481752e-01   6.9343066e-02   1.2408759e-01   4.7080292e-01   5.3649635e-01
   4.7445255e-01   8.0291971e-02   3.9416058e-01   4.4160584e-01   2.7372263e-01   4.8175182e-01   5.9489051e-01   4.0145985e-02   7.2992701e-02   8.8321168e-01   7.9562044e-01   6.4233577e-01   8.7591241e-01   1.7518248e-01
   4.7810219e-01   8.3941606e-01   7.1897810e-01   7.5912409e-01   7.6642336e-02   6.3868613e-01   1.1678832e-01   9.5985401e-01   6.7883212e-01   4.3795620e-01   5.1824818e-01   1.5693431e-01   2.7737226e-01   6.6058394e-01
   4.8175182e-01   5.9489051e-01   4.0145985e-02   7.2992701e-02   8.8321168e-01   7.9562044e-01   6.4233577e-01   8.7591241e-01   2.8102190e-01   9.9635036e-01   2.4087591e-01   6.7518248e-01   6.8248175e-01   2.9927007e-01
   4.8540146e-01   3.5036496e-01   3.6496350e-01   3.9051095e-01   6.8613139e-01   9.5255474e-01   1.6423358e-01   7.9197080e-01   8.8686131e-01   5.5109489e-01   9.6715328e-01   1.8978102e-01   8.3941606e-02   9.4160584e-01
   4.8905109e-01   1.0583942e-01   6.8978102e-01   7.0802920e-01   4.8905109e-01   1.0583942e-01   6.8978102e-01   7.0802920e-01   4.8905109e-01   1.0583942e-01   6.8978102e-01   7.0802920e-01   4.8905109e-01   4.2335766e-01
   4.9270073e-01   8.6496350e-01   1.0948905e-02   2.1897810e-02   2.9197080e-01   2.6277372e-01   2.1167883e-01   6.2408759e-01   9.1240876e-02   6.6423358e-01   4.1240876e-01   2.2262774e-01   8.9416058e-01   6.2043796e-02
   4.9635036e-01   6.2043796e-01   3.3576642e-01   3.3941606e-01   9.4890511e-02   4.1970803e-01   7.3722628e-01   5.4014599e-01   6.9708029e-01   2.1897810e-01   1.3503650e-01   7.4087591e-01   2.9562044e-01   7.0437956e-01
   5.0000000e-01   3.7591241e-01   6.6058394e-01   6.5693431e-01   9.0145985e-01   5.7664234e-01   2.5912409e-01   4.5620438e-01   2.9927007e-01   7.7737226e-01   8.6131387e-01   2.5547445e-01   7.0072993e-01   1.8613139e-01
   5.0364964e-01   1.3138686e-01   9.8540146e-01   9.7445255e-01   7.0437956e-01   7.3357664e-01   7.8467153e-01   3.7226277e-01   9.0510949e-01   3.3211679e-01   5.8394161e-01   7.7372263e-01   1.0218978e-01   8.2846715e-01
   5.0729927e-01   8.9051095e-01   3.0656934e-01   2.8832117e-01   5.0729927e-01   8.9051095e-01   3.0656934e-01   2.8832117e-01   5.0729927e-01   8.9051095e-01   3.0656934e-01   2.8832117e-01   5.0729927e-01   4.6715328e-01
   5.1094891e-01   6.4598540e-01   6.3138686e-01   6.0583942e-01   3.1021898e-01   4.3795620e-02   8.3211679e-01   2.0437956e-01   1.0948905e-01   4.4525547e-01   2.9197080e-02   8.0656934e-01   9.1240876e-01   9.5255474e-01
   5.1459854e-01   4.0145985e-01   9.5620438e-01   9.2335766e-01   1.1313869e-01   2.0072993e-01   3.5401460e-01   1.2043796e-01   7.1532847e-01   0.0000000e+00   7.5547445e-01   3.2116788e-01   3.1386861e-01   5.9124088e-01
   5.1824818e-01   1.5693431e-01   2.7737226e-01   2.3722628e-01   9.1970803e-01   3.5766423e-01   8.7956204e-01   3.6496350e-02   3.1751825e-01   5.5839416e-01   4.7810219e-01   8.3941606e-01   7.1897810e-01   7.2992701e-02
   5.2189781e-01   9.1605839e-01   6.0218978e-01   5.5474453e-01   7.2262774e-01   5.1459854e-01   4.0145985e-01   9.5620438e-01   9.2335766e-01   1.1313869e-01   2.0072993e-01   3.5401460e-01   1.2043796e-01   7.1532847e-01
   5.2554745e-01   6.7153285e-01   9.2700730e-01   8.7226277e-01   5.2554745e-01   6.7153285e-01   9.2700730e-01   8.7226277e-01   5.2554745e-01   6.7153285e-01   9.2700730e-01   8.7226277e-01   5.2554745e-01   3.5401460e-01
   5.2919708e-01   4.2700730e-01   2.4817518e-01   1.8613139e-01   3.2846715e-01   8.2846715e-01   4.4890511e-01   7.8832117e-01   1.2773723e-01   2.2627737e-01   6.4963504e-01   3.8686131e-01   9.3065693e-01   8.3941606e-01
   5.3284672e-01   1.8248175e-01   5.7299270e-01   5.0364964e-01   1.3138686e-01   9.8540146e-01   9.7445255e-01   7.0437956e-01   7.3357664e-01   7.8467153e-01   3.7226277e-01   9.0510949e-01   3.3211679e-01   4.7810219e-01
   5.3649635e-01   9.4160584e-01   8.9781022e-01   8.2116788e-01   9.3795620e-01   1.3868613e-01   4.9635036e-01   6.2043796e-01   3.3576642e-01   3.3941606e-01   9.4890511e-02   4.1970803e-01   7.3722628e-01   9.6350365e-01
   5.4014599e-01   6.9708029e-01   2.1897810e-01   1.3503650e-01   7.4087591e-01   2.9562044e-01   1.8248175e-02   5.3649635e-01   9.4160584e-01   8.9781022e-01   8.2116788e-01   9.3795620e-01   1.3868613e-01   6.0218978e-01
   5.4379562e-01   4.5255474e-01   5.4379562e-01   4.5255474e-01   5.4379562e-01   4.5255474e-01   5.4379562e-01   4.5255474e-01   5.4379562e-01   4.5255474e-01   5.4379562e-01   4.5255474e-01   5.4379562e-01   2.4087591e-01
   5.4744526e-01   2.0802920e-01   8.6861314e-01   7.7007299e-01   3.4671533e-01   6.0948905e-01   6.5693431e-02   3.6861314e-01   1.4598540e-01   7.2992701e-03   2.6642336e-01   9.7080292e-01   9.4890511e-01   7.2627737e-01
   5.5109489e-01   9.6715328e-01   1.8978102e-01   8.3941606e-02   1.4963504e-01   7.6642336e-01   5.9124088e-01   2.8467153e-01   7.5182482e-01   5.6569343e-01   9.9270073e-01   4.8540146e-01   3.5036496e-01   3.6496350e-01
   5.5474453e-01   7.2262774e-01   5.1459854e-01   4.0145985e-01   9.5620438e-01   9.2335766e-01   1.1313869e-01   2.0072993e-01   3.5401460e-01   1.2043796e-01   7.1532847e-01   0.0000000e+00   7.5547445e-01   3.6496350e-03
   5.5839416e-01   4.7810219e-01   8.3941606e-01   7.1897810e-01   7.5912409e-01   7.6642336e-02   6.3868613e-01   1.1678832e-01   9.5985401e-01   6.7883212e-01   4.3795620e-01   5.1824818e-01   1.5693431e-01   4.8905109e-01
   5.6204380e-01   2.3357664e-01   1.6058394e-01   3.2846715e-02   5.6204380e-01   2.3357664e-01   1.6058394e-01   3.2846715e-02   5.6204380e-01   2.3357664e-01   1.6058394e-01   3.2846715e-02   5.6204380e-01   1.2773723e-01
   5.6569343e-01   9.9270073e-01   4.8540146e-01   3.5036496e-01   3.6496350e-01   3.9051095e-01   6.8613139e-01   9.5255474e-01   1.6423358e-01   7.9197080e-01   8.8686131e-01   5.5109489e-01   9.6715328e-01   7.7007299e-01
   5.6934307e-01   7.4817518e-01   8.1021898e-01   6.6788321e-01   1.6788321e-01   5.4744526e-01   2.0802920e-01   8.6861314e-01   7.7007299e-01   3.4671533e-01   6.0948905e-01   6.5693431e-02   3.6861314e-01   2.5182482e-01
   5.7299270e-01   5.0364964e-01   1.3138686e-01   9.8540146e-01   9.7445255e-01   7.0437956e-01   7.3357664e-01   7.8467153e-01   3.7226277e-01   9.0510949e-01   3.3211679e-01   5.8394161e-01   7.7372263e-01   8.9416058e-01
   5.7664234e-01   2.5912409e-01   4.5620438e-01   2.9927007e-01   7.7737226e-01   8.6131387e-01   2.5547445e-01   7.0072993e-01   9.7810219e-01   4.5985401e-01   5.4744526e-02   9.8540146e-02   1.7518248e-01   3.7591241e-01
   5.8029197e-01   1.4598540e-02   7.8102190e-01   6.1678832e-01   5.8029197e-01   1.4598540e-02   7.8102190e-01   6.1678832e-01   5.8029197e-01   1.4598540e-02   7.8102190e-01   6.1678832e-01   5.8029197e-01   1.4598540e-02
   5.8394161e-01   7.7372263e-01   1.0218978e-01   9.3430657e-01   3.8321168e-01   1.7153285e-01   3.0291971e-01   5.3284672e-01   1.8248175e-01   5.7299270e-01   5.0364964e-01   1.3138686e-01   9.8540146e-01   6.5693431e-01
   5.8759124e-01   5.2919708e-01   4.2700730e-01   2.4817518e-01   1.8613139e-01   3.2846715e-01   8.2846715e-01   4.4890511e-01   7.8832117e-01   1.2773723e-01   2.2627737e-01   6.4963504e-01   3.8686131e-01   1.3868613e-01
   5.9124088e-01   2.8467153e-01   7.5182482e-01   5.6569343e-01   9.9270073e-01   4.8540146e-01   3.5036496e-01   3.6496350e-01   3.9051095e-01   6.8613139e-01   9.5255474e-01   1.6423358e-01   7.9197080e-01   7.8102190e-01
   5.9489051e-01   4.0145985e-02   7.2992701e-02   8.8321168e-01   7.9562044e-01   6.4233577e-01   8.7591241e-01   2.8102190e-01   9.9635036e-01   2.4087591e-01   6.7518248e-01   6.8248175e-01   1.9343066e-01   2.6277372e-01
   5.9854015e-01   7.9927007e-01   3.9781022e-01   1.9708029e-01   5.9854015e-01   7.9927007e-01   3.9781022e-01   1.9708029e-01   5.9854015e-01   7.9927007e-01   3.9781022e-01   1.9708029e-01   5.9854015e-01   9.0510949e-01
   6.0218978e-01   5.5474453e-01   7.2262774e-01   5.1459854e-01   4.0145985e-01   9.5620438e-01   9.2335766e-01   1.1313869e-01   2.0072993e-01   3.5401460e-01   1.2043796e-01   7.1532847e-01   0.0000000e+00   5.4379562e-01
   6.0583942e-01   3.1021898e-01   4.3795620e-02   8.3211679e-01   2.0437956e-01   1.0948905e-01   4.4525547e-01   2.9197080e-02   8.0656934e-01   9.1240876e-01   8.4671533e-01   2.2992701e-01   4.0510949e-01   2.5547445e-02
   6.0948905e-01   6.5693431e-02   3.6861314e-01   1.4598540e-01   7.2992701e-03   2.6642336e-01   9.7080292e-01   9.4890511e-01   4.0875912e-01   4.6715328e-01   5.6934307e-01   7.4817518e-01   8.1021898e-01   6.6788321e-01
   6.1313869e-01   8.2481752e-01   6.9343066e-01   4.6350365e-01   8.1386861e-01   4.2335766e-01   4.9270073e-01   8.6496350e-01   1.0948905e-02   2.1897810e-02   2.9197080e-01   2.6277372e-01   2.1167883e-01   3.0656934e-01
   6.1678832e-01   5.8029197e-01   1.4598540e-02   7.8102190e-01   6.1678832e-01   5.8029197e-01   1.4598540e-02   7.8102190e-01   6.1678832e-01   5.8029197e-01   1.4598540e-02   7.8102190e-01   6.1678832e-01   7.9197080e-01
   6.2043796e-01   3.3576642e-01   3.3941606e-01   9.4890511e-02   4.1970803e-01   7.3722628e-01   5.4014599e-01   6.9708029e-01   2.1897810e-01   1.3503650e-01   7.4087591e-01   2.9562044e-01   1.8248175e-02   4.3065693e-01
   6.2408759e-01   9.1240876e-02   6.6423358e-01   4.1240876e-01   2.2262774e-01   8.9416058e-01   6.2043796e-02   6.1313869e-01   8.2481752e-01   6.9343066e-01   4.6350365e-01   8.1386861e-01   4.2335766e-01   6.9343066e-02
   6.2773723e-01   8.5036496e-01   9.8905109e-01   7.2992701e-01   2.5547445e-02   4.7445255e-02   5.8759124e-01   5.2919708e-01   4.2700730e-01   2.4817518e-01   1.8613139e-01   3.2846715e-01   8.2846715e-01   5.5474453e-01
   6.3138686e-01   6.0583942e-01   3.1021898e-01   4.3795620e-02   8.3211679e-01   2.0437956e-01   1.0948905e-01   4.4525547e-01   2.9197080e-02   8.0656934e-01   9.1240876e-01   8.4671533e-01   2.2992701e-01   1.9343066e-01
   6.3503650e-01   3.6131387e-01   6.3503650e-01   3.6131387e-01   6.3503650e-01   3.6131387e-01   6.3503650e-01   3.6131387e-01   6.3503650e-01   3.6131387e-01   6.3503650e-01   3.6131387e-01   6.3503650e-01   6.7883212e-01
   6.3868613e-01   1.1678832e-01   9.5985401e-01   6.7883212e-01   4.3795620e-01   5.1824818e-01   1.5693431e-01   2.7737226e-01   2.3722628e-01   9.1970803e-01   3.5766423e-01   8.7956204e-01   3.6496350e-02   3.1751825e-01
   6.4233577e-01   8.7591241e-01   2.8102190e-01   9.9635036e-01   2.4087591e-01   6.7518248e-01   6.8248175e-01   1.9343066e-01   8.4306569e-01   4.7445255e-01   8.0291971e-02   3.9416058e-01   4.4160584e-01   9.5985401e-01
   6.4598540e-01   6.3138686e-01   6.0583942e-01   3.1021898e-01   4.3795620e-02   8.3211679e-01   2.0437956e-01   1.0948905e-01   4.4525547e-01   2.9197080e-02   8.0656934e-01   9.1240876e-01   8.4671533e-01   4.4160584e-01
   6.4963504e-01   3.8686131e-01   9.3065693e-01   6.2773723e-01   8.5036496e-01   9.8905109e-01   7.2992701e-01   2.5547445e-02   4.7445255e-02   5.8759124e-01   5.2919708e-01   4.2700730e-01   2.4817518e-01   8.0291971e-02
   6.5328467e-01   1.4233577e-01   2.5182482e-01   9.4525547e-01   6.5328467e-01   1.4233577e-01   2.5182482e-01   9.4525547e-01   6.5328467e-01   1.4233577e-01   2.5182482e-01   9.4525547e-01   6.5328467e-01   5.6569343e-01
   6.5693431e-01   9.0145985e-01   5.7664234e-01   2.5912409e-01   4.5620438e-01   2.9927007e-01   7.7737226e-01   8.6131387e-01   2.5547445e-01   7.0072993e-01   9.7810219e-01   4.5985401e-01   5.4744526e-02   2.0437956e-01
   6.6058394e-01   6.5693431e-01   9.0145985e-01   5.7664234e-01   2.5912409e-01   4.5620438e-01   2.9927007e-01   7.7737226e-01   8.6131387e-01   2.5547445e-01   7.0072993e-01   9.7810219e-01   4.5985401e-01   8.4671533e-01
   6.6423358e-01   4.1240876e-01   2.2262774e-01   8.9416058e-01   6.2043796e-02   6.1313869e-01   8.2481752e-01   6.9343066e-01   4.6350365e-01   8.1386861e-01   4.2335766e-01   4.9270073e-01   8.6496350e-01   3.2846715e-01
   6.6788321e-01   1.6788321e-01   5.4744526e-01   2.0802920e-01   8.6861314e-01   7.7007299e-01   3.4671533e-01   6.0948905e-01   6.5693431e-02   3.6861314e-01   1.4598540e-01   7.2992701e-03   2.6642336e-01   9.7080292e-01
   6.7153285e-01   9.2700730e-01   8.7226277e-01   5.2554745e-01   6.7153285e-01   9.2700730e-01   8.7226277e-01   5.2554745e-01   6.7153285e-01   9.2700730e-01   8.7226277e-01   5.2554745e-01   6.7153285e-01   6.0948905e-01
   6.7518248e-01   6.8248175e-01   1.9343066e-01   8.4306569e-01   4.7445255e-01   8.0291971e-02   3.9416058e-01   4.4160584e-01   2.7372263e-01   4.8175182e-01   5.9489051e-01   4.0145985e-02   7.2992701e-02   9.1240876e-02
   6.7883212e-01   4.3795620e-01   5.1824818e-01   1.5693431e-01   2.7737226e-01   2.3722628e-01   9.1970803e-01   3.5766423e-01   8.7956204e-01   3.6496350e-02   3.1751825e-01   5.5839416e-01   4.7810219e-01   7.3357664e-01
   6.8248175e-01   1.9343066e-01   8.4306569e-01   4.7445255e-01   8.0291971e-02   3.9416058e-01   4.4160584e-01   2.7372263e-01   4.8175182e-01   5.9489051e-01   4.0145985e-02   7.2992701e-02   8.8321168e-01   3.7226277e-01
   6.8613139e-01   9.5255474e-01   1.6423358e-01   7.9197080e-01   8.8686131e-01   5.5109489e-01   9.6715328e-01   1.8978102e-01   8.3941606e-02   1.4963504e-01   7.6642336e-01   5.9124088e-01   2.8467153e-01   8.5766423e-01
   6.8978102e-01   7.0802920e-01   4.8905109e-01   1.0583942e-01   6.8978102e-01   7.0802920e-01   4.8905109e-01   1.0583942e-01   6.8978102e-01   7.0802920e-01   4.8905109e-01   1.0583942e-01   6.8978102e-01   4.9635036e-01
   6.9343066e-01   4.6350365e-01   8.1386861e-01   4.2335766e-01   4.9270073e-01   8.6496350e-01   1.0948905e-02   2.1897810e-02   2.9197080e-01   2.6277372e-01   2.1167883e-01   6.2408759e-01   9.1240876e-02   9.8175182e-01
   6.9708029e-01   2.1897810e-01   1.3503650e-01   7.4087591e-01   2.9562044e-01   1.8248175e-02   5.3649635e-01   9.4160584e-01   8.9781022e-01   8.2116788e-01   9.3795620e-01   1.3868613e-01   4.9635036e-01   6.2043796e-01
   7.0072993e-01   9.7810219e-01   4.5985401e-01   5.4744526e-02   9.8540146e-02   1.7518248e-01   5.8394161e-02   8.5766423e-01   5.0000000e-01   3.7591241e-01   6.6058394e-01   6.5693431e-01   9.0145985e-01   2.5912409e-01
   7.0437956e-01   7.3357664e-01   7.8467153e-01   3.7226277e-01   9.0510949e-01   3.3211679e-01   5.8394161e-01   7.7372263e-01   1.0218978e-01   9.3430657e-01   3.8321168e-01   1.7153285e-01   3.0291971e-01   7.4452555e-01
   7.0802920e-01   4.8905109e-01   1.0583942e-01   6.8978102e-01   7.0802920e-01   4.8905109e-01   1.0583942e-01   6.8978102e-01   7.0802920e-01   4.8905109e-01   1.0583942e-01   6.8978102e-01   7.0802920e-01   3.8321168e-01
   7.1167883e-01   2.4452555e-01   4.3065693e-01   3.6496350e-03   5.1094891e-01   6.4598540e-01   6.3138686e-01   6.0583942e-01   3.1021898e-01   4.3795620e-02   8.3211679e-01   2.0437956e-01   1.0948905e-01   8.6861314e-01
   7.1532847e-01   0.0000000e+00   7.5547445e-01   3.2116788e-01   3.1386861e-01   8.0291971e-01   1.5328467e-01   5.2189781e-01   9.1605839e-01   6.0218978e-01   5.5474453e-01   7.2262774e-01   5.1459854e-01   5.0729927e-01
   7.1897810e-01   7.5912409e-01   7.6642336e-02   6.3868613e-01   1.1678832e-01   9.5985401e-01   6.7883212e-01   4.3795620e-01   5.1824818e-01   1.5693431e-01   2.7737226e-01   2.3722628e-01   9.1970803e-01   1.4598540e-01
   7.2262774e-01   5.1459854e-01   4.0145985e-01   9.5620438e-01   9.2335766e-01   1.1313869e-01   2.0072993e-01   3.5401460e-01   1.2043796e-01   7.1532847e-01   0.0000000e+00   7.5547445e-01   3.2116788e-01   6.3138686e-01
   7.2627737e-01   2.7007299e-01   7.2627737e-01   2.7007299e-01   7.2627737e-01   2.7007299e-01   7.2627737e-01   2.7007299e-01   7.2627737e-01   2.7007299e-01   7.2627737e-01   2.7007299e-01   7.2627737e-01   2.7007299e-01
   7.2992701e-01   2.5547445e-02   4.7445255e-02   5.8759124e-01   5.2919708e-01   4.2700730e-01   2.4817518e-01   1.8613139e-01   3.2846715e-01   8.2846715e-01   4.4890511e-01   7.8832117e-01   1.2773723e-01   9.1240876e-01
   7.3357664e-01   7.8467153e-01   3.7226277e-01   9.0510949e-01   3.3211679e-01   5.8394161e-01   7.7372263e-01   1.0218978e-01   9.3430657e-01   3.8321168e-01   1.7153285e-01   3.0291971e-01   5.3284672e-01   3.9416058e-01
   7.3722628e-01   5.4014599e-01   6.9708029e-01   2.1897810e-01   1.3503650e-01   7.4087591e-01   2.9562044e-01   1.8248175e-02   5.3649635e-01   9.4160584e-01   8.9781022e-01   8.2116788e-01   9.3795620e-01   3.2846715e-02
   7.4087591e-01   2.9562044e-01   1.8248175e-02   5.3649635e-01   9.4160584e-01   8.9781022e-01   8.2116788e-01   9.3795620e-01   1.3868613e-01   4.9635036e-01   6.2043796e-01   3.3576642e-01   3.3941606e-01   6.7518248e-01
   7.4452555e-01   5.1094891e-02   3.4306569e-01   8.5401460e-01   7.4452555e-01   5.1094891e-02   3.4306569e-01   8.5401460e-01   7.4452555e-01   5.1094891e-02   3.4306569e-01   8.5401460e-01   7.4452555e-01   1.5693431e-01
   7.4817518e-01   8.1021898e-01   6.6788321e-01   1.6788321e-01   5.4744526e-01   2.0802920e-01   8.6861314e-01   7.7007299e-01   3.4671533e-01   6.0948905e-01   6.5693431e-02   3.6861314e-01   1.4598540e-01   7.9927007e-01
   7.5182482e-01   5.6569343e-01   9.9270073e-01   4.8540146e-01   3.5036496e-01   3.6496350e-01   3.9051095e-01   6.8613139e-01   9.5255474e-01   1.6423358e-01   7.9197080e-01   8.8686131e-01   5.5109489e-01   2.8102190e-01
   7.5547445e-01   3.2116788e-01   3.1386861e-01   8.0291971e-01   1.5328467e-01   5.2189781e-01   9.1605839e-01   6.0218978e-01   5.5474453e-01   7.2262774e-01   5.1459854e-01   4.0145985e-01   9.5620438e-01   9.2335766e-01
   7.5912409e-01   7.6642336e-02   6.3868613e-01   1.1678832e-01   9.5985401e-01   6.7883212e-01   4.3795620e-01   5.1824818e-01   1.5693431e-01   2.7737226e-01   2.3722628e-01   9.1970803e-01   3.5766423e-01   5.6204380e-01
   7.6277372e-01   8.3576642e-01   9.6350365e-01   4.3430657e-01   7.6277372e-01   8.3576642e-01   9.6350365e-01   4.3430657e-01   7.6277372e-01   8.3576642e-01   9.6350365e-01   4.3430657e-01   7.6277372e-01   4.3795620e-02
   7.6642336e-01   5.9124088e-01   2.8467153e-01   7.5182482e-01   5.6569343e-01   9.9270073e-01   4.8540146e-01   3.5036496e-01   3.6496350e-01   3.9051095e-01   6.8613139e-01   9.5255474e-01   1.6423358e-01   6.8613139e-01
   7.7007299e-01   3.4671533e-01   6.0948905e-01   6.5693431e-02   3.6861314e-01   1.4598540e-01   7.2992701e-03   2.6642336e-01   9.7080292e-01   9.4890511e-01   4.0875912e-01   4.6715328e-01   5.6934307e-01   1.6788321e-01
   7.7372263e-01   1.0218978e-01   9.3430657e-01   3.8321168e-01   1.7153285e-01   3.0291971e-01   5.3284672e-01   1.8248175e-01   5.7299270e-01   5.0364964e-01   1.3138686e-01   9.8540146e-01   9.7445255e-01   8.1021898e-01
   7.7737226e-01   8.6131387e-01   2.5547445e-01   7.0072993e-01   9.7810219e-01   4.5985401e-01   5.4744526e-02   9.8540146e-02   1.7518248e-01   5.8394161e-02   8.5766423e-01   5.0000000e-01   3.7591241e-01   4.4890511e-01
   7.8102190e-01   6.1678832e-01   5.8029197e-01   1.4598540e-02   7.8102190e-01   6.1678832e-01   5.8029197e-01   1.4598540e-02   7.8102190e-01   6.1678832e-01   5.8029197e-01   1.4598540e-02   7.8102190e-01   9.3430657e-01
   7.8467153e-01   3.7226277e-01   9.0510949e-01   3.3211679e-01   5.8394161e-01   7.7372263e-01   1.0218978e-01   9.3430657e-01   3.8321168e-01   1.7153285e-01   3.0291971e-01   5.3284672e-01   1.8248175e-01   5.7299270e-01
   7.8832117e-01   1.2773723e-01   2.2627737e-01   6.4963504e-01   3.8686131e-01   9.3065693e-01   6.2773723e-01   8.5036496e-01   9.8905109e-01   7.2992701e-01   2.5547445e-02   4.7445255e-02   5.8759124e-01   2.1167883e-01
   7.9197080e-01   8.8686131e-01   5.5109489e-01   9.6715328e-01   1.8978102e-01   8.3941606e-02   1.4963504e-01   7.6642336e-01   5.9124088e-01   2.8467153e-01   7.5182482e-01   5.6569343e-01   9.9270073e-01   6.9708029e-01
   7.9562044e-01   6.4233577e-01   8.7591241e-01   2.8102190e-01   9.9635036e-01   2.4087591e-01   6.7518248e-01   6.8248175e-01   1.9343066e-01   8.4306569e-01   4.7445255e-01   8.0291971e-02   3.9416058e-01   3.3576642e-01
   7.9927007e-01   3.9781022e-01   1.9708029e-01   5.9854015e-01   7.9927007e-01   3.9781022e-01   1.9708029e-01   5.9854015e-01   7.9927007e-01   3.9781022e-01   1.9708029e-01   5.9854015e-01   7.9927007e-01   9.7810219e-01
   8.0291971e-01   1.5328467e-01   5.2189781e-01   9.1605839e-01   6.0218978e-01   5.5474453e-01   7.2262774e-01   5.1459854e-01   4.0145985e-01   9.5620438e-01   9.2335766e-01   1.1313869e-01   2.0072993e-01   4.5985401e-01
   8.0656934e-01   9.1240876e-01   8.4671533e-01   2.2992701e-01   4.0510949e-01   7.1167883e-01   2.4452555e-01   4.3065693e-01   3.6496350e-03   5.1094891e-01   6.4598540e-01   6.3138686e-01   6.0583942e-01   9.8540146e-02
   8.1021898e-01   6.6788321e-01   1.6788321e-01   5.4744526e-01   2.0802920e-01   8.6861314e-01   7.7007299e-01   3.4671533e-01   6.0948905e-01   6.5693431e-02   3.6861314e-01   1.4598540e-01   7.2992701e-03   5.8394161e-01
   8.1386861e-01   4.2335766e-01   4.9270073e-01   8.6496350e-01   1.0948905e-02   2.1897810e-02   2.9197080e-01   2.6277372e-01   2.1167883e-01   6.2408759e-01   9.1240876e-02   6.6423358e-01   4.1240876e-01   2.2262774e-01
   8.1751825e-01   1.7883212e-01   8.1751825e-01   1.7883212e-01   8.1751825e-01   1.7883212e-01   8.1751825e-01   1.7883212e-01   8.1751825e-01   1.7883212e-01   8.1751825e-01   1.7883212e-01   8.1751825e-01   8.6496350e-01
   8.2116788e-01   9.3795620e-01   1.3868613e-01   4.9635036e-01   6.2043796e-01   3.3576642e-01   3.3941606e-01   9.4890511e-02   4.1970803e-01   7.3722628e-01   5.4014599e-01   6.9708029e-01   2.1897810e-01   3.4671533e-01
   8.2481752e-01   6.9343066e-01   4.6350365e-01   8.1386861e-01   4.2335766e-01   4.9270073e-01   8.6496350e-01   1.0948905e-02   2.1897810e-02   2.9197080e-01   2.6277372e-01   2.1167883e-01   6.2408759e-01   9.8905109e-01
   8.2846715e-01   4.4890511e-01   7.8832117e-01   1.2773723e-01   2.2627737e-01   6.4963504e-01   3.8686131e-01   9.3065693e-01   6.2773723e-01   8.5036496e-01   9.8905109e-01   7.2992701e-01   2.5547445e-02   4.7080292e-01
   8.3211679e-01   2.0437956e-01   1.0948905e-01   4.4525547e-01   2.9197080e-02   8.0656934e-01   9.1240876e-01   8.4671533e-01   2.2992701e-01   4.0510949e-01   7.1167883e-01   2.4452555e-01   4.3065693e-01   1.0948905e-01
   8.3576642e-01   9.6350365e-01   4.3430657e-01   7.6277372e-01   8.3576642e-01   9.6350365e-01   4.3430657e-01   7.6277372e-01   8.3576642e-01   9.6350365e-01   4.3430657e-01   7.6277372e-01   8.3576642e-01   7.5182482e-01
   8.3941606e-01   7.1897810e-01   7.5912409e-01   7.6642336e-02   6.3868613e-01   1.1678832e-01   9.5985401e-01   6.7883212e-01   4.3795620e-01   5.1824818e-01   1.5693431e-01   2.7737226e-01   2.3722628e-01   2.3357664e-01
   8.4306569e-01   4.7445255e-01   8.0291971e-02   3.9416058e-01   4.4160584e-01   2.7372263e-01   4.8175182e-01   5.9489051e-01   4.0145985e-02   7.2992701e-02   8.8321168e-01   7.9562044e-01   6.4233577e-01   8.7591241e-01
   8.4671533e-01   2.2992701e-01   4.0510949e-01   7.1167883e-01   2.4452555e-01   4.3065693e-01   3.6496350e-03   5.1094891e-01   6.4598540e-01   6.3138686e-01   6.0583942e-01   3.1021898e-01   4.3795620e-02   5.1459854e-01
   8.5036496e-01   9.8905109e-01   7.2992701e-01   2.5547445e-02   4.7445255e-02   5.8759124e-01   5.2919708e-01   4.2700730e-01   2.4817518e-01   1.8613139e-01   3.2846715e-01   8.2846715e-01   4.4890511e-01   1.0000000e+00
   8.5401460e-01   7.4452555e-01   5.1094891e-02   3.4306569e-01   8.5401460e-01   7.4452555e-01   5.1094891e-02   3.4306569e-01   8.5401460e-01   7.4452555e-01   5.1094891e-02   3.4306569e-01   8.5401460e-01   6.3868613e-01
   8.5766423e-01   5.0000000e-01   3.7591241e-01   6.6058394e-01   6.5693431e-01   9.0145985e-01   5.7664234e-01   2.5912409e-01   4.5620438e-01   2.9927007e-01   7.7737226e-01   8.6131387e-01   2.5547445e-01   2.7737226e-01
   8.6131387e-01   2.5547445e-01   7.0072993e-01   9.7810219e-01   4.5985401e-01   5.4744526e-02   9.8540146e-02   1.7518248e-01   5.8394161e-02   8.5766423e-01   5.0000000e-01   3.7591241e-01   6.6058394e-01   7.6277372e-01
   8.6496350e-01   1.0948905e-02   2.1897810e-02   2.9197080e-01   2.6277372e-01   2.1167883e-01   6.2408759e-01   9.1240876e-02   6.6423358e-01   4.1240876e-01   2.2262774e-01   8.9416058e-01   6.2043796e-02   2.4452555e-01
   8.6861314e-01   7.7007299e-01   3.4671533e-01   6.0948905e-01   6.5693431e-02   3.6861314e-01   1.4598540e-01   7.2992701e-03   2.6642336e-01   9.7080292e-01   9.4890511e-01   4.0875912e-01   4.6715328e-01   8.8686131e-01
   8.7226277e-01   5.2554745e-01   6.7153285e-01   9.2700730e-01   8.7226277e-01   5.2554745e-01   6.7153285e-01   9.2700730e-01   8.7226277e-01   5.2554745e-01   6.7153285e-01   9.2700730e-01   8.7226277e-01   5.2554745e-01
   8.7591241e-01   2.8102190e-01   9.9635036e-01   2.4087591e-01   6.7518248e-01   6.8248175e-01   1.9343066e-01   8.4306569e-01   4.7445255e-01   8.0291971e-02   3.9416058e-01   4.4160584e-01   2.7372263e-01   1.6423358e-01
   8.7956204e-01   3.6496350e-02   3.1751825e-01   5.5839416e-01   4.7810219e-01   8.3941606e-01   7.1897810e-01   7.5912409e-01   7.6642336e-02   6.3868613e-01   1.1678832e-01   9.5985401e-01   6.7883212e-01   8.0656934e-01
   8.8321168e-01   7.9562044e-01   6.4233577e-01   8.7591241e-01   2.8102190e-01   9.9635036e-01   2.4087591e-01   6.7518248e-01   6.8248175e-01   1.9343066e-01   8.4306569e-01   4.7445255e-01   8.0291971e-02   1.3138686e-01
   8.8686131e-01   5.5109489e-01   9.6715328e-01   1.8978102e-01   8.3941606e-02   1.4963504e-01   7.6642336e-01   5.9124088e-01   2.8467153e-01   7.5182482e-01   5.6569343e-01   9.9270073e-01   4.8540146e-01   7.7372263e-01
   8.9051095e-01   3.0656934e-01   2.8832117e-01   5.0729927e-01   8.9051095e-01   3.0656934e-01   2.8832117e-01   5.0729927e-01   8.9051095e-01   3.0656934e-01   2.8832117e-01   5.0729927e-01   8.9051095e-01   4.1240876e-01
   8.9416058e-01   6.2043796e-02   6.1313869e-01   8.2481752e-01   6.9343066e-01   4.6350365e-01   8.1386861e-01   4.2335766e-01   4.9270073e-01   8.6496350e-01   1.0948905e-02   2.1897810e-02   2.9197080e-01   5.1094891e-02
   8.9781022e-01   8.2116788e-01   9.3795620e-01   1.3868613e-01   4.9635036e-01   6.2043796e-01   3.3576642e-01   3.3941606e-01   9.4890511e-02   4.1970803e-01   7.3722628e-01   5.4014599e-01   6.9708029e-01   6.9343066e-01
   9.0145985e-01   5.7664234e-01   2.5912409e-01   4.5620438e-01   2.9927007e-01   7.7737226e-01   8.6131387e-01   2.5547445e-01   7.0072993e-01   9.7810219e-01   4.5985401e-01   5.4744526e-02   9.8540146e-02   3.3211679e-01
   9.0510949e-01   3.3211679e-01   5.8394161e-01   7.7372263e-01   1.0218978e-01   9.3430657e-01   3.8321168e-01   1.7153285e-01   3.0291971e-01   5.3284672e-01   1.8248175e-01   5.7299270e-01   5.0364964e-01   6.6058394e-01
   9.0875912e-01   8.7591241e-02   9.0875912e-01   8.7591241e-02   9.0875912e-01   8.7591241e-02   9.0875912e-01   8.7591241e-02   9.0875912e-01   8.7591241e-02   9.0875912e-01   8.7591241e-02   9.0875912e-01   2.9927007e-01
   9.1240876e-01   8.4671533e-01   2.2992701e-01   4.0510949e-01   7.1167883e-01   2.4452555e-01   4.3065693e-01   3.6496350e-03   5.1094891e-01   6.4598540e-01   6.3138686e-01   6.0583942e-01   3.1021898e-01   9.4160584e-01
   9.1605839e-01   6.0218978e-01   5.5474453e-01   7.2262774e-01   5.1459854e-01   4.0145985e-01   9.5620438e-01   9.2335766e-01   1.1313869e-01   2.0072993e-01   3.5401460e-01   1.2043796e-01   7.1532847e-01   5.8029197e-01
   9.1970803e-01   3.5766423e-01   8.7956204e-01   3.6496350e-02   3.1751825e-01   5.5839416e-01   4.7810219e-01   8.3941606e-01   7.1897810e-01   7.5912409e-01   7.6642336e-02   6.3868613e-01   1.1678832e-01   2.1897810e-01
   9.2335766e-01   1.1313869e-01   2.0072993e-01   3.5401460e-01   1.2043796e-01   7.1532847e-01   0.0000000e+00   7.5547445e-01   3.2116788e-01   3.1386861e-01   8.0291971e-01   1.5328467e-01   5.2189781e-01   5.4744526e-01
   9.2700730e-01   8.7226277e-01   5.2554745e-01   6.7153285e-01   9.2700730e-01   8.7226277e-01   5.2554745e-01   6.7153285e-01   9.2700730e-01   8.7226277e-01   5.2554745e-01   6.7153285e-01   9.2700730e-01   1.8613139e-01
   9.3065693e-01   6.2773723e-01   8.5036496e-01   9.8905109e-01   7.2992701e-01   2.5547445e-02   4.7445255e-02   5.8759124e-01   5.2919708e-01   4.2700730e-01   2.4817518e-01   1.8613139e-01   3.2846715e-01   8.2846715e-01
   9.3430657e-01   3.8321168e-01   1.7153285e-01   3.0291971e-01   5.3284672e-01   1.8248175e-01   5.7299270e-01   5.0364964e-01   1.3138686e-01   9.8540146e-01   9.7445255e-01   7.0437956e-01   7.3357664e-01   4.6715328e-01
   9.3795620e-01   1.3868613e-01   4.9635036e-01   6.2043796e-01   3.3576642e-01   3.3941606e-01   9.4890511e-02   4.1970803e-01   7.3722628e-01   5.4014599e-01   6.9708029e-01   2.1897810e-01   1.3503650e-01   1.0583942e-01
   9.4160584e-01   8.9781022e-01   8.2116788e-01   9.3795620e-01   1.3868613e-01   4.9635036e-01   6.2043796e-01   3.3576642e-01   3.3941606e-01   9.4890511e-02   4.1970803e-01   7.3722628e-01   5.4014599e-01   4.3430657e-01
   9.4525547e-01   6.5328467e-01   1.4233577e-01   2.5182482e-01   9.4525547e-01   6.5328467e-01   1.4233577e-01   2.5182482e-01   9.4525547e-01   6.5328467e-01   1.4233577e-01   2.5182482e-01   9.4525547e-01   7.2992701e-02
   9.4890511e-01   4.0875912e-01   4.6715328e-01   5.6934307e-01   7.4817518e-01   8.1021898e-01   6.6788321e-01   1.6788321e-01   5.4744526e-01   2.0802920e-01   8.6861314e-01   7.7007299e-01   3.4671533e-01   7.1532847e-01
   9.5255474e-01   1.6423358e-01   7.9197080e-01   8.8686131e-01   5.5109489e-01   9.6715328e-01   1.8978102e-01   8.3941606e-02   1.4963504e-01   7.6642336e-01   5.9124088e-01   2.8467153e-01   7.5182482e-01   3.5401460e-01
   9.5620438e-01   9.2335766e-01   1.1313869e-01   2.0072993e-01   3.5401460e-01   1.2043796e-01   7.1532847e-01   0.0000000e+00   7.5547445e-01   3.2116788e-01   3.1386861e-01   8.0291971e-01   1.5328467e-01   9.9635036e-01
   9.5985401e-01   6.7883212e-01   4.3795620e-01   5.1824818e-01   1.5693431e-01   2.7737226e-01   2.3722628e-01   9.1970803e-01   3.5766423e-01   8.7956204e-01   3.6496350e-02   3.1751825e-01   5.5839416e-01   3.2116788e-01
   9.6350365e-01   4.3430657e-01   7.6277372e-01   8.3576642e-01   9.6350365e-01   4.3430657e-01   7.6277372e-01   8.3576642e-01   9.6350365e-01   4.3430657e-01   7.6277372e-01   8.3576642e-01   9.6350365e-01   9.6350365e-01
   9.6715328e-01   1.8978102e-01   8.3941606e-02   1.4963504e-01   7.6642336e-01   5.9124088e-01   2.8467153e-01   7.5182482e-01   5.6569343e-01   9.9270073e-01   4.8540146e-01   3.5036496e-01   3.6496350e-01   6.0218978e-01
   9.7080292e-01   9.4890511e-01   4.0875912e-01   4.6715328e-01   5.6934307e-01   7.4817518e-01   8.1021898e-01   6.6788321e-01   1.6788321e-01   5.4744526e-01   2.0802920e-01   8.6861314e-01   7.7007299e-01   2.4087591e-01
   9.7445255e-01   7.0437956e-01   7.3357664e-01   7.8467153e-01   3.7226277e-01   9.0510949e-01   3.3211679e-01   5.8394161e-01   7.7372263e-01   1.0218978e-01   9.3430657e-01   3.8321168e-01   1.7153285e-01   8.8321168e-01
   9.7810219e-01   4.5985401e-01   5.4744526e-02   9.8540146e-02   1.7518248e-01   5.8394161e-02   8.5766423e-01   5.0000000e-01   3.7591241e-01   6.6058394e-01   6.5693431e-01   9.0145985e-01   5.7664234e-01   5.2189781e-01
   9.8175182e-01   2.1532847e-01   3.7956204e-01   4.1605839e-01   9.8175182e-01   2.1532847e-01   3.7956204e-01   4.1605839e-01   9.8175182e-01   2.1532847e-01   3.7956204e-01   4.1605839e-01   9.8175182e-01   8.5036496e-01
   9.8540146e-01   9.7445255e-01   7.0437956e-01   7.3357664e-01   7.8467153e-01   3.7226277e-01   9.0510949e-01   3.3211679e-01   5.8394161e-01   7.7372263e-01   1.0218978e-01   9.3430657e-01   3.8321168e-01   4.8905109e-01
   9.8905109e-01   7.2992701e-01   2.5547445e-02   4.7445255e-02   5.8759124e-01   5.2919708e-01   4.2700730e-01   2.4817518e-01   1.8613139e-01   3.2846715e-01   8.2846715e-01   4.4890511e-01   7.8832117e-01   1.2773723e-01
   9.9270073e-01   4.8540146e-01   3.5036496e-01   3.6496350e-01   3.9051095e-01   6.8613139e-01   9.5255474e-01   1.6423358e-01   7.9197080e-01   8.8686131e-01   5.5109489e-01   9.6715328e-01   1.8978102e-01   7.7007299e-01
   9.9635036e-01   2.4087591e-01   6.7518248e-01   6.8248175e-01   1.9343066e-01   8.4306569e-01   4.7445255e-01   8.0291971e-02   3.9416058e-01   4.4160584e-01   2.7372263e-01   4.8175182e-01   5.9489051e-01   4.0875912e-01
   1.0000000e+00   1.0000000e+00   1.0000000e+00   1.0000000e+00   1.0000000e+00   1.0000000e+00   1.0000000e+00   1.0000000e+00   1.0000000e+00   1.0000000e+00   1.0000000e+00   1.0000000e+00   1.0000000e+00   7.3722628e-01
