1  65  67  71  79  95  1  65  67  70  76  84  48  70  122  88  56  62  86  14  12 
2  4  8  16  32  64  2  4  8  14  26  42  96  14  118  50  112  124  46  28  24 
3  69  75  87  111  33  3  69  75  84  102  126  14  84  114  8  42  60  6  42  44 
4  8  16  32  64  2  4  8  16  28  52  84  66  28  110  100  98  122  92  56  48 
5  73  83  103  17  97  5  73  83  98  120  50  118  98  106  66  28  50  52  70  52 
6  12  24  48  96  66  6  12  24  42  78  126  28  42  102  16  84  120  12  84  88 
7  77  91  119  49  35  7  77  91  112  36  76  80  2  98  108  124  64  98  114  92 
8  16  32  64  2  4  8  16  32  56  104  42  6  56  94  74  70  118  58  112  96 
9  81  99  9  81  99  9  81  99  126  46  8  58  110  90  40  16  46  18  110  100 
10  20  40  80  34  68  10  20  40  70  114  100  110  70  86  6  56  100  104  14  104 
11  85  107  25  113  37  11  85  107  14  88  34  36  30  82  98  96  60  64  44  14 
12  24  48  96  66  6  12  24  48  84  30  126  56  84  78  32  42  114  24  42  50 
13  89  115  41  19  101  13  89  115  28  98  92  108  12  42  124  114  42  78  40  54 
14  28  56  112  98  70  14  28  56  98  72  26  34  4  70  90  122  2  70  102  58 
15  93  123  57  51  39  15  93  123  42  14  118  118  58  98  56  68  24  62  100  62 
16  32  64  2  4  8  16  32  64  112  82  84  12  112  62  22  14  110  116  98  66 
17  97  5  73  83  103  17  97  5  56  24  50  32  40  26  114  86  70  44  96  70 
18  36  72  18  36  72  18  36  72  126  92  16  116  94  54  80  32  92  36  94  74 
19  101  13  89  115  41  19  101  13  70  34  108  10  86  82  46  40  52  28  30  78 
20  40  80  34  68  10  20  40  80  14  102  74  94  14  46  12  112  74  82  28  82 
21  105  21  105  21  105  21  105  21  84  108  102  114  68  10  104  58  34  10  26  24 
22  44  88  50  100  74  22  44  88  28  50  68  72  60  38  70  66  120  2  88  28 
23  109  29  121  53  43  23  109  29  98  118  34  92  114  66  36  12  16  120  86  32 
24  48  96  66  6  12  24  48  96  42  60  126  112  42  30  64  84  102  48  84  100 
25  113  37  11  85  107  25  113  37  112  2  92  70  96  120  30  92  62  102  82  104 
26  52  104  82  38  76  26  52  104  56  70  58  90  24  84  122  102  84  30  80  108 
27  117  45  27  117  45  27  117  45  126  12  86  48  78  50  88  110  106  86  78  112 
28  56  112  98  70  14  28  56  112  70  18  52  68  8  14  54  118  4  14  78  116 
29  121  53  43  23  109  29  121  52  76  22  18  88  62  104  20  2  26  68  76  120 
30  60  120  114  102  78  30  60  120  84  28  110  110  116  70  112  10  48  124  74  124 
31  125  61  59  55  47  31  125  62  92  32  76  4  44  34  78  20  72  52  72  2 
32  64  2  4  8  16  32  64  2  98  38  42  24  98  124  44  28  94  106  70  6 
33  3  69  75  87  111  33  3  68  104  44  8  44  26  88  10  36  116  34  68  10 
34  68  10  20  40  80  34  68  10  112  48  100  64  80  52  102  46  14  88  66  14 
35  7  77  91  119  49  35  7  78  120  54  66  86  8  18  68  54  36  18  64  18 
36  72  18  36  72  18  36  72  18  126  58  32  106  62  108  34  64  58  72  62  22 
37  11  85  107  25  113  37  11  84  6  64  124  126  118  72  126  72  82  126  62  26 
38  76  26  52  104  82  38  76  26  14  68  90  20  46  38  92  80  104  56  60  30 
39  15  93  123  57  51  39  15  94  22  74  56  42  100  2  58  90  126  110  58  34 
40  80  34  68  10  20  40  80  34  28  78  22  62  28  92  24  98  22  38  56  38 
41  19  101  13  89  115  41  19  100  34  84  112  82  82  56  116  106  46  92  54  44 
42  84  42  84  42  84  42  84  42  42  90  78  102  10  20  82  116  68  20  52  48 
43  23  109  29  121  53  43  23  110  50  94  44  122  64  112  48  124  90  76  50  52 
44  88  50  100  74  22  44  88  50  56  100  10  18  120  76  14  6  114  4  50  56 
45  27  117  45  27  117  45  27  116  62  104  102  38  48  40  106  16  10  58  48  60 
46  92  58  116  106  86  46  92  58  70  110  68  58  102  6  72  24  32  114  46  64 
47  31  125  61  59  55  47  31  126  78  114  34  78  30  96  38  34  56  42  44  66 
48  96  66  6  12  24  48  96  66  84  120  126  98  84  60  2  42  78  96  42  74 
49  35  7  77  91  119  49  35  6  90  126  92  120  12  24  94  50  100  24  40  78 
50  100  74  22  44  88  50  100  74  98  4  58  14  66  114  60  58  124  78  38  82 
51  39  15  93  123  57  51  39  16  106  10  24  34  120  80  28  68  18  6  36  86 
52  104  82  38  76  26  52  104  82  112  14  116  54  48  42  118  78  42  60  34  90 
53  43  23  109  29  121  53  43  22  118  20  82  76  104  8  86  84  66  118  32  94 
54  108  90  54  108  90  54  108  90  126  24  46  96  30  100  50  94  86  46  30  98 
55  47  31  125  61  59  55  47  32  8  28  14  118  86  62  18  104  110  100  28  102 
56  112  98  70  14  28  56  112  98  14  36  104  10  16  28  108  110  8  28  30  106 
57  51  39  15  93  123  57  51  38  20  40  72  32  68  120  76  120  28  82  28  110 
58  116  106  86  46  92  58  116  104  26  44  36  50  124  82  40  4  52  10  26  114 
59  55  47  31  125  61  59  55  48  36  52  4  72  50  48  8  14  76  64  24  118 
60  120  114  102  78  30  60  120  114  42  56  94  94  106  14  98  20  96  122  22  122 
61  59  55  47  31  125  61  59  54  48  60  62  112  32  102  66  30  120  50  20  126 
62  124  122  118  110  94  62  124  124  58  64  26  8  88  68  30  40  18  104  18  4 
63  63  63  63  63  63  63  63  64  64  72  120  26  14  30  124  46  38  32  16  8 
64  2  4  8  16  32  64  2  4  70  76  84  48  70  122  88  56  62  86  14  12 
65  67  71  79  95  1  65  67  70  76  80  48  70  126  88  52  66  86  14  12  16 
66  6  12  24  48  96  66  6  10  82  88  16  88  52  50  20  72  106  68  10  20 
67  71  79  95  1  65  67  71  80  92  92  106  110  108  16  110  82  4  122  8  24 
68  10  20  40  80  34  68  10  20  98  96  74  2  34  104  78  92  28  50  6  28 
69  75  87  111  33  3  69  75  86  104  100  38  24  90  70  42  98  48  108  4  32 
70  14  28  56  112  98  70  14  30  114  108  6  46  16  36  10  108  72  36  2  36 
71  79  95  1  65  67  71  79  96  120  112  96  64  72  124  100  118  96  90  126  40 
72  18  36  72  18  36  72  18  36  126  116  64  86  124  90  68  2  116  18  124  44 
73  83  103  17  97  5  73  83  102  6  124  28  104  54  56  32  8  14  72  126  48 
74  22  44  88  50  100  74  22  42  12  2  122  126  110  18  126  18  38  126  124  52 
75  87  111  33  3  69  75  87  112  22  6  86  22  36  110  90  28  58  54  122  56 
76  26  52  104  82  38  76  26  52  28  10  54  40  92  76  58  34  82  112  120  60 
77  91  119  49  35  7  77  91  118  34  18  18  62  18  38  22  44  106  40  118  64 
78  30  60  120  114  102  78  30  62  44  22  112  84  74  4  116  54  126  94  116  68 
79  95  1  65  67  71  79  95  2  50  26  76  102  126  92  80  60  24  22  114  72 
80  34  68  10  20  40  80  34  68  56  30  44  124  56  58  48  70  44  76  112  76 
81  99  9  81  99  9  81  99  8  62  38  8  16  112  24  12  80  68  4  110  84 
82  38  76  26  52  104  82  38  74  68  42  98  38  38  112  106  86  92  58  108  88 
83  103  17  97  5  73  83  103  18  78  46  66  60  94  78  70  96  112  112  106  92 
84  42  84  42  84  42  84  42  84  84  54  30  78  20  40  38  106  10  40  104  96 
85  107  25  113  37  11  85  107  24  90  58  124  100  76  6  2  112  34  98  102  100 
86  46  92  58  116  106  86  46  94  100  62  88  118  2  98  96  122  54  26  100  104 
87  111  33  3  69  75  87  111  34  106  66  56  14  58  60  60  6  78  80  98  108 
88  50  100  74  22  44  88  50  100  112  74  20  36  114  26  28  12  102  8  100  112 
89  115  41  19  101  13  89  115  40  118  78  114  54  40  118  118  22  122  62  98  116 
90  54  108  90  54  108  90  54  106  124  82  78  76  96  80  86  32  20  116  96  120 
91  119  49  35  7  77  91  119  50  8  90  46  94  22  46  50  42  44  44  94  124 
92  58  116  106  86  46  92  58  116  14  94  10  116  78  12  18  48  64  102  92  2 
93  123  57  51  39  15  93  123  56  20  98  104  12  4  100  108  58  88  30  90  6 
94  62  124  122  118  110  94  62  126  30  102  68  30  60  66  76  68  112  84  88  6 
95  1  65  67  71  79  95  1  66  36  110  36  52  112  28  40  74  6  12  86  10 
96  66  6  12  24  48  96  66  6  42  114  126  70  42  120  4  84  30  66  84  22 
97  5  73  83  103  17  97  5  72  48  118  90  92  98  86  98  94  54  120  82  26 
98  70  14  28  56  112  98  70  12  54  126  58  114  24  48  62  100  74  48  80  30 
99  9  81  99  9  81  99  9  82  64  4  22  6  80  14  30  110  98  102  78  34 
100  74  22  44  88  50  100  74  22  70  8  116  28  6  102  120  116  122  30  76  38 
101  13  89  115  41  19  101  13  88  76  12  80  50  62  68  88  4  20  84  74  42 
102  78  30  60  120  114  102  78  32  86  20  48  68  114  34  56  10  36  12  72  46 
103  17  97  5  73  83  103  17  98  92  24  12  90  44  122  20  16  60  66  70  50 
104  82  38  76  26  52  104  82  38  98  28  106  108  96  84  110  30  84  120  68  54 
105  21  105  21  105  21  105  21  104  104  36  70  4  30  54  74  36  108  56  66  58 
106  86  46  92  58  116  106  86  44  110  40  38  26  82  16  46  42  6  110  64  62 
107  25  113  37  11  85  107  25  114  120  44  2  48  8  104  10  56  30  38  62  66 
108  90  54  108  90  54  108  90  54  126  48  92  66  60  74  100  62  46  92  60  70 
109  29  121  53  43  23  109  29  120  6  56  60  84  120  36  64  68  70  20  58  74 
110  94  62  124  122  118  110  94  64  16  56  28  110  46  124  36  82  94  74  56  78 
111  33  3  69  75  87  111  33  4  22  64  122  2  98  94  126  88  118  2  54  82 
112  98  70  14  28  56  112  98  70  28  72  82  20  32  56  90  94  16  56  60  86 
113  37  11  85  107  25  113  37  10  34  72  50  38  84  18  54  108  40  110  58  90 
114  102  78  30  60  120  114  102  76  40  80  18  64  10  114  26  114  56  38  56  94 
115  41  19  101  13  89  115  41  16  46  88  104  82  62  76  116  2  80  92  54  98 
116  106  86  46  92  58  116  106  82  52  88  72  100  122  38  80  8  104  20  52  102 
117  45  27  117  45  27  117  45  30  66  96  40  126  48  8  44  14  2  74  50  106 
118  110  94  62  124  122  118  110  96  72  104  8  18  100  96  16  28  26  2  48  110 
119  49  35  7  77  91  119  49  36  78  104  94  36  26  58  106  34  50  56  46  114 
120  114  102  78  30  60  120  114  102  84  112  62  62  86  28  70  40  66  118  44  118 
121  53  43  23  109  29  121  53  42  90  120  30  80  12  116  34  54  90  46  42  122 
122  118  110  94  62  124  122  118  108  96  120  124  98  64  78  6  60  114  100  40  126 
123  57  51  39  15  93  123  57  48  102  2  84  116  124  40  96  66  12  28  38  4 
124  122  118  110  94  62  124  122  122  116  2  52  16  50  10  60  80  36  82  36  8 
125  61  59  55  47  31  125  61  62  122  10  20  34  102  98  24  86  60  10  34  12 
126  126  126  126  126  126  126  126  2  2  18  114  52  28  60  122  92  76  64  32  16 



